# format_version="frp.m15.vector.v1"
# frp_version="1.7.0"
# milestone="M15 — Implementation Mapping, Domain Interface, and Qualification Closure Package"
# trace_kind="scheduler_free_vectors"
# cells=16
# hierarchy_depth=4
# request_lanes=4
# transition_fraction=0.25
# scheduler_mode="free"
# fractal_alpha=0.7
# thermal_beta=1.2
# scalar_format="S32Q16"
# unit_format="S32Q30"
# phase_format="PHASE_U32"
# seed=76
# trace_steps=16
# column_definition=["TICK","RESET_N","SCHED_MODE","SCHED_STATE","AUTO_TARGETS_ENABLE","REQ_VALID_MASK","REQ_CELL_IDS","REQ_TARGET_STATES","GAMMA_UPDATE_VALID","GAMMA_NOISE_TARGETS_Q","STATES_PACKED","PENDING_ROUTE_COUNT","SWITCH_LOAD_Q","HEAT_GLOBAL_Q","COHERENCE_GLOBAL_Q","C_Q","P_Q","C_MINUS_P_Q","REQUESTED_DIRECT_EVENTS","PREVENTED_DIRECT_EVENTS","NEUTRAL_ROUTED_EVENTS","NEUTRALIZED_CONFLICTS","ACTUAL_DIRECT_EVENTS"]
# TICK | RESET_N | SCHED_MODE | SCHED_STATE | AUTO_TARGETS_ENABLE | REQ_VALID_MASK | REQ_CELL_IDS | REQ_TARGET_STATES | GAMMA_UPDATE_VALID | GAMMA_NOISE_TARGETS_Q | STATES_PACKED | PENDING_ROUTE_COUNT | SWITCH_LOAD_Q | HEAT_GLOBAL_Q | COHERENCE_GLOBAL_Q | C_Q | P_Q | C_MINUS_P_Q | REQUESTED_DIRECT_EVENTS | PREVENTED_DIRECT_EVENTS | NEUTRAL_ROUTED_EVENTS | NEUTRALIZED_CONFLICTS | ACTUAL_DIRECT_EVENTS
00000000 | 1 | 0 | 0 | 0 | 1 | 3,0,0,0 | 3,0,0,0 | 1 | -54042,27794,23587,-51743,30168,-51837,-62939,39684,52539,-73,61338,12989,50053,-7192,-8249,56033 | 0F00CCC0 | 0 | 0 | 3411 | 198533447 | 65153 | 3411 | 61742 | 0 | 0 | 0 | 0 | 0
00000001 | 1 | 0 | 0 | 0 | 0 | 0,0,0,0 | 0,0,0,0 | 0 | -54042,27794,23587,-51743,30168,-51837,-62939,39684,52539,-73,61338,12989,50053,-7192,-8249,56033 | 0F00CCC0 | 0 | 0 | 3530 | 195782704 | 65294 | 3530 | 61764 | 0 | 0 | 0 | 0 | 0
00000002 | 1 | 0 | 0 | 0 | 0 | 0,0,0,0 | 0,0,0,0 | 0 | -54042,27794,23587,-51743,30168,-51837,-62939,39684,52539,-73,61338,12989,50053,-7192,-8249,56033 | 0F00CCC0 | 0 | 0 | 3638 | 196498395 | 65527 | 3638 | 61889 | 0 | 0 | 0 | 0 | 0
00000003 | 1 | 0 | 0 | 0 | 0 | 0,0,0,0 | 0,0,0,0 | 0 | -54042,27794,23587,-51743,30168,-51837,-62939,39684,52539,-73,61338,12989,50053,-7192,-8249,56033 | 0F00CCC0 | 0 | 0 | 3735 | 201153729 | 65855 | 3735 | 62120 | 0 | 0 | 0 | 0 | 0
00000004 | 1 | 0 | 0 | 0 | 3 | 1,9,0,0 | 0,1,0,0 | 0 | -54042,27794,23587,-51743,30168,-51837,-62939,39684,52539,-73,61338,12989,50053,-7192,-8249,56033 | 0F04CCC0 | 0 | 4096 | 4046 | 209235062 | 65875 | 8142 | 57733 | 0 | 0 | 0 | 0 | 0
00000005 | 1 | 0 | 0 | 0 | 0 | 0,0,0,0 | 0,0,0,0 | 0 | -54042,27794,23587,-51743,30168,-51837,-62939,39684,52539,-73,61338,12989,50053,-7192,-8249,56033 | 0F04CCC0 | 0 | 0 | 4112 | 219172985 | 66353 | 4112 | 62241 | 0 | 0 | 0 | 0 | 0
00000006 | 1 | 0 | 0 | 0 | 0 | 0,0,0,0 | 0,0,0,0 | 0 | -54042,27794,23587,-51743,30168,-51837,-62939,39684,52539,-73,61338,12989,50053,-7192,-8249,56033 | 0F04CCC0 | 0 | 0 | 4172 | 228967925 | 66754 | 4172 | 62582 | 0 | 0 | 0 | 0 | 0
00000007 | 1 | 0 | 0 | 0 | 0 | 0,0,0,0 | 0,0,0,0 | 0 | -54042,27794,23587,-51743,30168,-51837,-62939,39684,52539,-73,61338,12989,50053,-7192,-8249,56033 | 0F04CCC0 | 0 | 0 | 4228 | 238085237 | 67126 | 4228 | 62898 | 0 | 0 | 0 | 0 | 0
00000008 | 1 | 0 | 0 | 0 | 7 | D,A,0,0 | 3,3,0,0 | 1 | 9061,-3236,50290,32837,36395,-18260,58630,7866,-41625,11494,9229,-47816,-49210,14338,13025,-53387 | 0F34CCC0 | 0 | 4096 | 4501 | 245114143 | 67052 | 8597 | 58455 | 0 | 0 | 0 | 0 | 0
00000009 | 1 | 0 | 0 | 0 | 0 | 0,0,0,0 | 0,0,0,0 | 0 | 9061,-3236,50290,32837,36395,-18260,58630,7866,-41625,11494,9229,-47816,-49210,14338,13025,-53387 | 0F34CCC0 | 0 | 0 | 4533 | 249580259 | 67336 | 4533 | 62803 | 0 | 0 | 0 | 0 | 0
00000010 | 1 | 0 | 0 | 0 | 0 | 0,0,0,0 | 0,0,0,0 | 0 | 9061,-3236,50290,32837,36395,-18260,58630,7866,-41625,11494,9229,-47816,-49210,14338,13025,-53387 | 0F34CCC0 | 0 | 0 | 4561 | 251579046 | 67512 | 4561 | 62951 | 0 | 0 | 0 | 0 | 0
00000011 | 1 | 0 | 0 | 0 | 0 | 0,0,0,0 | 0,0,0,0 | 0 | 9061,-3236,50290,32837,36395,-18260,58630,7866,-41625,11494,9229,-47816,-49210,14338,13025,-53387 | 0F34CCC0 | 0 | 0 | 4588 | 250742446 | 67628 | 4588 | 63040 | 0 | 0 | 0 | 0 | 0
00000012 | 1 | 0 | 0 | 0 | F | 1,3,2,A | 0,1,1,1 | 0 | 9061,-3236,50290,32837,36395,-18260,58630,7866,-41625,11494,9229,-47816,-49210,14338,13025,-53387 | 0F04CC10 | 2 | 12288 | 5267 | 248089651 | 67957 | 17555 | 50402 | 2 | 2 | 2 | 2 | 0
00000013 | 1 | 0 | 0 | 0 | 0 | 0,0,0,0 | 0,0,0,0 | 0 | 9061,-3236,50290,32837,36395,-18260,58630,7866,-41625,11494,9229,-47816,-49210,14338,13025,-53387 | 0F14CC50 | 0 | 8192 | 5680 | 244895860 | 67434 | 13872 | 53562 | 2 | 2 | 2 | 2 | 0
00000014 | 1 | 0 | 0 | 0 | 0 | 0,0,0,0 | 0,0,0,0 | 0 | 9061,-3236,50290,32837,36395,-18260,58630,7866,-41625,11494,9229,-47816,-49210,14338,13025,-53387 | 0F14CC50 | 0 | 0 | 5632 | 243654383 | 67654 | 5632 | 62022 | 2 | 2 | 2 | 2 | 0
00000015 | 1 | 0 | 0 | 0 | 0 | 0,0,0,0 | 0,0,0,0 | 0 | 9061,-3236,50290,32837,36395,-18260,58630,7866,-41625,11494,9229,-47816,-49210,14338,13025,-53387 | 0F14CC50 | 0 | 0 | 5585 | 246876492 | 67995 | 5585 | 62410 | 2 | 2 | 2 | 2 | 0
