# format_version="frp.m15.vector.v1"
# frp_version="1.7.0"
# milestone="M15 — Implementation Mapping, Domain Interface, and Qualification Closure Package"
# trace_kind="full_correlation_vectors"
# cells=16
# hierarchy_depth=4
# request_lanes=4
# transition_fraction=0.25
# scheduler_mode="7/1"
# fractal_alpha=0.7
# thermal_beta=1.2
# scalar_format="S32Q16"
# unit_format="S32Q30"
# phase_format="PHASE_U32"
# seed=76
# trace_steps=64
# column_definition=["TICK","RESET_N","SCHED_MODE","SCHED_STATE","AUTO_TARGETS_ENABLE","REQ_VALID_MASK","REQ_CELL_IDS","REQ_TARGET_STATES","GAMMA_UPDATE_VALID","GAMMA_NOISE_TARGETS_Q","STATES_PACKED","PENDING_ROUTE_COUNT","SWITCH_LOAD_Q","HEAT_GLOBAL_Q","COHERENCE_GLOBAL_Q","C_Q","P_Q","C_MINUS_P_Q","REQUESTED_DIRECT_EVENTS","PREVENTED_DIRECT_EVENTS","NEUTRAL_ROUTED_EVENTS","NEUTRALIZED_CONFLICTS","ACTUAL_DIRECT_EVENTS"]
# TICK | RESET_N | SCHED_MODE | SCHED_STATE | AUTO_TARGETS_ENABLE | REQ_VALID_MASK | REQ_CELL_IDS | REQ_TARGET_STATES | GAMMA_UPDATE_VALID | GAMMA_NOISE_TARGETS_Q | STATES_PACKED | PENDING_ROUTE_COUNT | SWITCH_LOAD_Q | HEAT_GLOBAL_Q | COHERENCE_GLOBAL_Q | C_Q | P_Q | C_MINUS_P_Q | REQUESTED_DIRECT_EVENTS | PREVENTED_DIRECT_EVENTS | NEUTRAL_ROUTED_EVENTS | NEUTRALIZED_CONFLICTS | ACTUAL_DIRECT_EVENTS
00000000 | 1 | 1 | 1 | 1 | 1 | 3,0,0,0 | 3,0,0,0 | 1 | -54042,27794,23587,-51743,30168,-51837,-62939,39684,52539,-73,61338,12989,50053,-7192,-8249,56033 | 0F00CFDD | 0 | 16384 | 4300 | 198422044 | 63633 | 20684 | 42949 | 0 | 0 | 0 | 0 | 0
00000001 | 1 | 1 | 1 | 1 | 0 | 0,0,0,0 | 0,0,0,0 | 0 | -54042,27794,23587,-51743,30168,-51837,-62939,39684,52539,-73,61338,12989,50053,-7192,-8249,56033 | 0CD1CFDD | 1 | 16384 | 5240 | 195909640 | 63147 | 21624 | 41523 | 0 | 1 | 1 | 1 | 0
00000002 | 1 | 1 | 1 | 1 | 0 | 0,0,0,0 | 0,0,0,0 | 0 | -54042,27794,23587,-51743,30168,-51837,-62939,39684,52539,-73,61338,12989,50053,-7192,-8249,56033 | F1D1CFDD | 1 | 16384 | 6106 | 196776845 | 62747 | 22490 | 40257 | 0 | 2 | 2 | 2 | 0
00000003 | 1 | 1 | 1 | 1 | 0 | 0,0,0,0 | 0,0,0,0 | 0 | -54042,27794,23587,-51743,30168,-51837,-62939,39684,52539,-73,61338,12989,50053,-7192,-8249,56033 | F5D5CFDD | 0 | 8192 | 6470 | 202028047 | 62497 | 14662 | 47835 | 0 | 2 | 2 | 2 | 0
00000004 | 1 | 1 | 1 | 1 | 0 | 0,0,0,0 | 0,0,0,0 | 0 | -54042,27794,23587,-51743,30168,-51837,-62939,39684,52539,-73,61338,12989,50053,-7192,-8249,56033 | F5D5CFDD | 0 | 0 | 6367 | 210493305 | 62983 | 6367 | 56616 | 0 | 2 | 2 | 2 | 0
00000005 | 1 | 1 | 1 | 1 | 3 | 1,9,0,0 | 0,1,0,0 | 0 | -54042,27794,23587,-51743,30168,-51837,-62939,39684,52539,-73,61338,12989,50053,-7192,-8249,56033 | F5D5CFDD | 0 | 8192 | 6488 | 220556933 | 63377 | 14680 | 48697 | 0 | 2 | 2 | 2 | 0
00000006 | 1 | 1 | 1 | 1 | 0 | 0,0,0,0 | 0,0,0,0 | 0 | -54042,27794,23587,-51743,30168,-51837,-62939,39684,52539,-73,61338,12989,50053,-7192,-8249,56033 | F5D5CFDD | 0 | 0 | 6381 | 230749391 | 63813 | 6381 | 57432 | 0 | 2 | 2 | 2 | 0
00000007 | 1 | 1 | 2 | 1 | 0 | 0,0,0,0 | 0,0,0,0 | 0 | -54042,27794,23587,-51743,30168,-51837,-62939,39684,52539,-73,61338,12989,50053,-7192,-8249,56033 | F5D5CFDD | 0 | 0 | 6281 | 239880096 | 64181 | 6281 | 57900 | 0 | 2 | 2 | 2 | 0
00000008 | 1 | 1 | 1 | 1 | 0 | 0,0,0,0 | 0,0,0,0 | 1 | 9061,-3236,50290,32837,36395,-18260,58630,7866,-41625,11494,9229,-47816,-49210,14338,13025,-53387 | F5D5CFD0 | 0 | 8192 | 6617 | 246858456 | 65114 | 14809 | 50305 | 0 | 2 | 2 | 2 | 0
00000009 | 1 | 1 | 1 | 1 | 0 | 0,0,0,0 | 0,0,0,0 | 0 | 9061,-3236,50290,32837,36395,-18260,58630,7866,-41625,11494,9229,-47816,-49210,14338,13025,-53387 | F5D5CFD0 | 0 | 0 | 6506 | 251555427 | 65330 | 6506 | 58824 | 0 | 2 | 2 | 2 | 0
00000010 | 1 | 1 | 1 | 1 | 7 | D,A,0,0 | 3,3,0,0 | 0 | 9061,-3236,50290,32837,36395,-18260,58630,7866,-41625,11494,9229,-47816,-49210,14338,13025,-53387 | F5D5CFD0 | 2 | 16384 | 6838 | 253619067 | 65453 | 23222 | 42231 | 2 | 4 | 4 | 4 | 0
00000011 | 1 | 1 | 1 | 1 | 0 | 0,0,0,0 | 0,0,0,0 | 0 | 9061,-3236,50290,32837,36395,-18260,58630,7866,-41625,11494,9229,-47816,-49210,14338,13025,-53387 | F5D5CFD0 | 2 | 0 | 6710 | 253592332 | 65639 | 6710 | 58929 | 2 | 4 | 4 | 4 | 0
00000012 | 1 | 1 | 1 | 1 | 0 | 0,0,0,0 | 0,0,0,0 | 0 | 9061,-3236,50290,32837,36395,-18260,58630,7866,-41625,11494,9229,-47816,-49210,14338,13025,-53387 | F5D5FFD3 | 2 | 8192 | 7031 | 251689534 | 65016 | 15223 | 49793 | 2 | 4 | 4 | 4 | 0
00000013 | 1 | 1 | 1 | 1 | 0 | 0,0,0,0 | 0,0,0,0 | 0 | 9061,-3236,50290,32837,36395,-18260,58630,7866,-41625,11494,9229,-47816,-49210,14338,13025,-53387 | F5D5FF17 | 2 | 8192 | 7321 | 249746244 | 65192 | 15513 | 49679 | 2 | 4 | 4 | 4 | 0
00000014 | 1 | 1 | 1 | 1 | 0 | 0,0,0,0 | 0,0,0,0 | 0 | 9061,-3236,50290,32837,36395,-18260,58630,7866,-41625,11494,9229,-47816,-49210,14338,13025,-53387 | F515FF17 | 2 | 4096 | 7372 | 250572742 | 65782 | 11468 | 54314 | 2 | 4 | 4 | 4 | 0
00000015 | 1 | 1 | 2 | 1 | F | 1,3,2,A | 0,1,1,1 | 0 | 9061,-3236,50290,32837,36395,-18260,58630,7866,-41625,11494,9229,-47816,-49210,14338,13025,-53387 | F515FF17 | 2 | 16384 | 7639 | 257477419 | 66169 | 24023 | 42146 | 2 | 4 | 4 | 4 | 0
00000016 | 1 | 1 | 1 | 1 | 0 | 0,0,0,0 | 0,0,0,0 | 1 | 2728,-16184,30566,25631,-59704,7590,-58385,-57016,-36815,50902,37679,15831,-25569,34067,-54003,274 | F505FF17 | 2 | 4096 | 7670 | 271390265 | 67113 | 11766 | 55347 | 2 | 4 | 4 | 4 | 0
00000017 | 1 | 1 | 1 | 1 | 0 | 0,0,0,0 | 0,0,0,0 | 0 | 2728,-16184,30566,25631,-59704,7590,-58385,-57016,-36815,50902,37679,15831,-25569,34067,-54003,274 | F545FF17 | 1 | 12288 | 7914 | 291823370 | 67535 | 20202 | 47333 | 2 | 4 | 4 | 4 | 0
00000018 | 1 | 1 | 1 | 1 | 0 | 0,0,0,0 | 0,0,0,0 | 0 | 2728,-16184,30566,25631,-59704,7590,-58385,-57016,-36815,50902,37679,15831,-25569,34067,-54003,274 | C545FF57 | 1 | 8192 | 8145 | 315392137 | 68336 | 16337 | 51999 | 2 | 4 | 4 | 4 | 0
00000019 | 1 | 1 | 1 | 1 | 0 | 0,0,0,0 | 0,0,0,0 | 0 | 2728,-16184,30566,25631,-59704,7590,-58385,-57016,-36815,50902,37679,15831,-25569,34067,-54003,274 | C545FF57 | 1 | 0 | 7925 | 338689893 | 69174 | 7925 | 61249 | 2 | 4 | 4 | 4 | 0
00000020 | 1 | 1 | 1 | 1 | 1 | 1,0,0,0 | 0,0,0,0 | 0 | 2728,-16184,30566,25631,-59704,7590,-58385,-57016,-36815,50902,37679,15831,-25569,34067,-54003,274 | 0545FF57 | 1 | 12288 | 8152 | 359851132 | 70203 | 20440 | 49763 | 2 | 4 | 4 | 4 | 0
00000021 | 1 | 1 | 1 | 1 | 0 | 0,0,0,0 | 0,0,0,0 | 0 | 2728,-16184,30566,25631,-59704,7590,-58385,-57016,-36815,50902,37679,15831,-25569,34067,-54003,274 | 0555FF57 | 1 | 4096 | 8152 | 379573417 | 70547 | 12248 | 58299 | 2 | 4 | 4 | 4 | 0
00000022 | 1 | 1 | 1 | 1 | 0 | 0,0,0,0 | 0,0,0,0 | 0 | 2728,-16184,30566,25631,-59704,7590,-58385,-57016,-36815,50902,37679,15831,-25569,34067,-54003,274 | 0555FF57 | 1 | 0 | 7929 | 399266382 | 71268 | 7929 | 63339 | 2 | 4 | 4 | 4 | 0
00000023 | 1 | 1 | 2 | 1 | 0 | 0,0,0,0 | 0,0,0,0 | 0 | 2728,-16184,30566,25631,-59704,7590,-58385,-57016,-36815,50902,37679,15831,-25569,34067,-54003,274 | 0555FF57 | 1 | 0 | 7720 | 420079982 | 71955 | 7720 | 64235 | 2 | 4 | 4 | 4 | 0
00000024 | 1 | 1 | 1 | 1 | 0 | 0,0,0,0 | 0,0,0,0 | 1 | -54266,-58789,59874,-23480,-52452,-9048,53644,21383,-56712,-9961,61371,-12577,-6896,15234,56851,43731 | 1555FF57 | 1 | 4096 | 7745 | 441933020 | 72271 | 11841 | 60430 | 2 | 4 | 4 | 4 | 0
00000025 | 1 | 1 | 1 | 1 | 3 | 1,B,0,0 | 3,1,0,0 | 0 | -54266,-58789,59874,-23480,-52452,-9048,53644,21383,-56712,-9961,61371,-12577,-6896,15234,56851,43731 | 5555FF54 | 2 | 16384 | 8201 | 463521061 | 72881 | 24585 | 48296 | 3 | 5 | 5 | 5 | 0
00000026 | 1 | 1 | 1 | 1 | 0 | 0,0,0,0 | 0,0,0,0 | 0 | -54266,-58789,59874,-23480,-52452,-9048,53644,21383,-56712,-9961,61371,-12577,-6896,15234,56851,43731 | 5555FF54 | 2 | 0 | 7974 | 483841145 | 73530 | 7974 | 65556 | 3 | 5 | 5 | 5 | 0
00000027 | 1 | 1 | 1 | 1 | 0 | 0,0,0,0 | 0,0,0,0 | 0 | -54266,-58789,59874,-23480,-52452,-9048,53644,21383,-56712,-9961,61371,-12577,-6896,15234,56851,43731 | 5555FF54 | 2 | 0 | 7762 | 502350802 | 74065 | 7762 | 66303 | 3 | 5 | 5 | 5 | 0
00000028 | 1 | 1 | 1 | 1 | 0 | 0,0,0,0 | 0,0,0,0 | 0 | -54266,-58789,59874,-23480,-52452,-9048,53644,21383,-56712,-9961,61371,-12577,-6896,15234,56851,43731 | 5555FF54 | 2 | 0 | 7563 | 519868636 | 74552 | 7563 | 66989 | 3 | 5 | 5 | 5 | 0
00000029 | 1 | 1 | 1 | 1 | 0 | 0,0,0,0 | 0,0,0,0 | 0 | -54266,-58789,59874,-23480,-52452,-9048,53644,21383,-56712,-9961,61371,-12577,-6896,15234,56851,43731 | 5555FF55 | 2 | 4096 | 7597 | 537961199 | 74666 | 11693 | 62973 | 3 | 5 | 5 | 5 | 0
00000030 | 1 | 1 | 1 | 1 | 7 | 6,7,1,0 | 0,3,3,0 | 0 | -54266,-58789,59874,-23480,-52452,-9048,53644,21383,-56712,-9961,61371,-12577,-6896,15234,56851,43731 | 5555FF55 | 3 | 16384 | 7845 | 557871191 | 75144 | 24229 | 50915 | 4 | 6 | 6 | 6 | 0
00000031 | 1 | 1 | 2 | 1 | 0 | 0,0,0,0 | 0,0,0,0 | 0 | -54266,-58789,59874,-23480,-52452,-9048,53644,21383,-56712,-9961,61371,-12577,-6896,15234,56851,43731 | 5555FF55 | 3 | 0 | 7641 | 581047407 | 75749 | 7641 | 68108 | 4 | 6 | 6 | 6 | 0
00000032 | 1 | 1 | 1 | 1 | 0 | 0,0,0,0 | 0,0,0,0 | 1 | -27746,16899,4736,-35478,-50049,-34899,-40247,-25803,39563,-44931,1755,65260,43069,-7098,-64840,5610 | 5555FF55 | 3 | 0 | 7451 | 607933814 | 76391 | 7451 | 68940 | 4 | 6 | 6 | 6 | 0
00000033 | 1 | 1 | 1 | 1 | 0 | 0,0,0,0 | 0,0,0,0 | 0 | -27746,16899,4736,-35478,-50049,-34899,-40247,-25803,39563,-44931,1755,65260,43069,-7098,-64840,5610 | 5555FF55 | 3 | 0 | 7273 | 638885541 | 77109 | 7273 | 69836 | 4 | 6 | 6 | 6 | 0
00000034 | 1 | 1 | 1 | 1 | 0 | 0,0,0,0 | 0,0,0,0 | 0 | -27746,16899,4736,-35478,-50049,-34899,-40247,-25803,39563,-44931,1755,65260,43069,-7098,-64840,5610 | 5555FF55 | 3 | 0 | 7107 | 673464456 | 77897 | 7107 | 70790 | 4 | 6 | 6 | 6 | 0
00000035 | 1 | 1 | 1 | 1 | F | B,C,2,A | 1,3,0,3 | 0 | -27746,16899,4736,-35478,-50049,-34899,-40247,-25803,39563,-44931,1755,65260,43069,-7098,-64840,5610 | 5445FF44 | 5 | 16384 | 7817 | 710207232 | 79966 | 24201 | 55765 | 6 | 8 | 8 | 8 | 0
00000036 | 1 | 1 | 1 | 1 | 0 | 0,0,0,0 | 0,0,0,0 | 0 | -27746,16899,4736,-35478,-50049,-34899,-40247,-25803,39563,-44931,1755,65260,43069,-7098,-64840,5610 | 5745FF54 | 4 | 16384 | 8267 | 748092058 | 80126 | 24651 | 55475 | 6 | 9 | 9 | 9 | 0
00000037 | 1 | 1 | 1 | 1 | 0 | 0,0,0,0 | 0,0,0,0 | 0 | -27746,16899,4736,-35478,-50049,-34899,-40247,-25803,39563,-44931,1755,65260,43069,-7098,-64840,5610 | 5455FF04 | 4 | 16384 | 8893 | 784795787 | 81617 | 25277 | 56340 | 6 | 10 | 10 | 10 | 0
00000038 | 1 | 1 | 1 | 1 | 0 | 0,0,0,0 | 0,0,0,0 | 0 | -27746,16899,4736,-35478,-50049,-34899,-40247,-25803,39563,-44931,1755,65260,43069,-7098,-64840,5610 | 5550FF00 | 3 | 16384 | 9489 | 819332897 | 82940 | 25873 | 57067 | 6 | 10 | 10 | 10 | 0
00000039 | 1 | 1 | 2 | 1 | 0 | 0,0,0,0 | 0,0,0,0 | 0 | -27746,16899,4736,-35478,-50049,-34899,-40247,-25803,39563,-44931,1755,65260,43069,-7098,-64840,5610 | 5500FF00 | 1 | 16384 | 9829 | 851248420 | 84292 | 26213 | 58079 | 6 | 10 | 10 | 10 | 0
00000040 | 1 | 1 | 1 | 1 | 1 | 6,0,0,0 | 1,0,0,0 | 1 | 26346,14541,33773,-8754,-788,24110,-37314,-11992,27525,-6129,-3798,-49572,56609,-26022,30768,328 | 5000FF00 | 2 | 16384 | 10153 | 880193210 | 85519 | 26537 | 58982 | 7 | 11 | 11 | 11 | 0
00000041 | 1 | 1 | 1 | 1 | 0 | 0,0,0,0 | 0,0,0,0 | 0 | 26346,14541,33773,-8754,-788,24110,-37314,-11992,27525,-6129,-3798,-49572,56609,-26022,30768,328 | 4000FF03 | 1 | 16384 | 10458 | 906250446 | 86056 | 26842 | 59214 | 7 | 11 | 11 | 11 | 0
00000042 | 1 | 1 | 1 | 1 | 0 | 0,0,0,0 | 0,0,0,0 | 0 | 26346,14541,33773,-8754,-788,24110,-37314,-11992,27525,-6129,-3798,-49572,56609,-26022,30768,328 | 0000FFFF | 1 | 16384 | 10963 | 929383390 | 85840 | 27347 | 58493 | 7 | 11 | 11 | 11 | 0
00000043 | 1 | 1 | 1 | 1 | 0 | 0,0,0,0 | 0,0,0,0 | 0 | 26346,14541,33773,-8754,-788,24110,-37314,-11992,27525,-6129,-3798,-49572,56609,-26022,30768,328 | 00FFFFFF | 1 | 16384 | 11433 | 949203891 | 84947 | 27817 | 57130 | 7 | 11 | 11 | 11 | 0
00000044 | 1 | 1 | 1 | 1 | 0 | 0,0,0,0 | 0,0,0,0 | 0 | 26346,14541,33773,-8754,-788,24110,-37314,-11992,27525,-6129,-3798,-49572,56609,-26022,30768,328 | 0FFFFFFF | 1 | 8192 | 11418 | 965830418 | 84778 | 19610 | 65168 | 7 | 11 | 11 | 11 | 0
00000045 | 1 | 1 | 1 | 1 | 3 | A,7,0,0 | 0,1,0,0 | 0 | 26346,14541,33773,-8754,-788,24110,-37314,-11992,27525,-6129,-3798,-49572,56609,-26022,30768,328 | 0FFFFFFF | 2 | 16384 | 11400 | 980027412 | 85096 | 27784 | 57312 | 8 | 12 | 12 | 12 | 0
00000046 | 1 | 1 | 1 | 1 | 0 | 0,0,0,0 | 0,0,0,0 | 0 | 26346,14541,33773,-8754,-788,24110,-37314,-11992,27525,-6129,-3798,-49572,56609,-26022,30768,328 | FFFFFFFF | 2 | 8192 | 11388 | 992498640 | 84682 | 19580 | 65102 | 8 | 12 | 12 | 12 | 0
00000047 | 1 | 1 | 2 | 1 | 0 | 0,0,0,0 | 0,0,0,0 | 0 | 26346,14541,33773,-8754,-788,24110,-37314,-11992,27525,-6129,-3798,-49572,56609,-26022,30768,328 | FFFFFFFF | 2 | 0 | 10933 | 1003334549 | 85006 | 10933 | 74073 | 8 | 12 | 12 | 12 | 0
00000048 | 1 | 1 | 1 | 1 | 0 | 0,0,0,0 | 0,0,0,0 | 1 | 34602,26503,-1138,58226,47972,24166,15665,-41276,-55276,47046,-31659,-6856,-3598,-24049,50285,18540 | FFFFFFFF | 2 | 0 | 10509 | 1012772986 | 85214 | 10509 | 74705 | 8 | 12 | 12 | 12 | 0
00000049 | 1 | 1 | 1 | 1 | 0 | 0,0,0,0 | 0,0,0,0 | 0 | 34602,26503,-1138,58226,47972,24166,15665,-41276,-55276,47046,-31659,-6856,-3598,-24049,50285,18540 | FFFFFFFF | 2 | 0 | 10113 | 1020870300 | 85390 | 10113 | 75277 | 8 | 12 | 12 | 12 | 0
00000050 | 1 | 1 | 1 | 1 | 7 | 8,4,F,0 | 0,0,1,0 | 0 | 34602,26503,-1138,58226,47972,24166,15665,-41276,-55276,47046,-31659,-6856,-3598,-24049,50285,18540 | 3FFCFFFF | 3 | 16384 | 10396 | 1027835114 | 86130 | 26780 | 59350 | 9 | 13 | 13 | 13 | 0
00000051 | 1 | 1 | 1 | 1 | 0 | 0,0,0,0 | 0,0,0,0 | 0 | 34602,26503,-1138,58226,47972,24166,15665,-41276,-55276,47046,-31659,-6856,-3598,-24049,50285,18540 | 3FFFFFFF | 3 | 12288 | 10442 | 1033323230 | 85938 | 22730 | 63208 | 9 | 14 | 14 | 14 | 0
00000052 | 1 | 1 | 1 | 1 | 0 | 0,0,0,0 | 0,0,0,0 | 0 | 34602,26503,-1138,58226,47972,24166,15665,-41276,-55276,47046,-31659,-6856,-3598,-24049,50285,18540 | FFFFFFFF | 2 | 4096 | 10270 | 1037651156 | 85705 | 14366 | 71339 | 9 | 14 | 14 | 14 | 0
00000053 | 1 | 1 | 1 | 1 | 0 | 0,0,0,0 | 0,0,0,0 | 0 | 34602,26503,-1138,58226,47972,24166,15665,-41276,-55276,47046,-31659,-6856,-3598,-24049,50285,18540 | FFFFFFFF | 2 | 0 | 9895 | 1041538949 | 85802 | 9895 | 75907 | 9 | 14 | 14 | 14 | 0
00000054 | 1 | 1 | 1 | 1 | 0 | 0,0,0,0 | 0,0,0,0 | 0 | 34602,26503,-1138,58226,47972,24166,15665,-41276,-55276,47046,-31659,-6856,-3598,-24049,50285,18540 | FFFFFFFF | 2 | 0 | 9545 | 1045124585 | 85888 | 9545 | 76343 | 9 | 14 | 14 | 14 | 0
00000055 | 1 | 1 | 2 | 1 | F | A,8,9,E | 0,0,3,3 | 0 | 34602,26503,-1138,58226,47972,24166,15665,-41276,-55276,47046,-31659,-6856,-3598,-24049,50285,18540 | FFFFFFFF | 2 | 16384 | 9654 | 1048154303 | 85900 | 26038 | 59862 | 9 | 14 | 14 | 14 | 0
00000056 | 1 | 1 | 1 | 1 | 0 | 0,0,0,0 | 0,0,0,0 | 1 | -45932,56778,-51719,35786,-53511,62992,36996,8531,-12304,52297,-35598,12383,-42678,-47618,-54930,-40669 | FFFF00FF | 2 | 16384 | 10186 | 1051156827 | 87251 | 26570 | 60681 | 9 | 14 | 14 | 14 | 0
00000057 | 1 | 1 | 1 | 1 | 0 | 0,0,0,0 | 0,0,0,0 | 0 | -45932,56778,-51719,35786,-53511,62992,36996,8531,-12304,52297,-35598,12383,-42678,-47618,-54930,-40669 | FFFF500F | 0 | 16384 | 10691 | 1053864656 | 87246 | 27075 | 60171 | 9 | 14 | 14 | 14 | 0
00000058 | 1 | 1 | 1 | 1 | 0 | 0,0,0,0 | 0,0,0,0 | 0 | -45932,56778,-51719,35786,-53511,62992,36996,8531,-12304,52297,-35598,12383,-42678,-47618,-54930,-40669 | FFFF0000 | 0 | 16384 | 11156 | 1056566289 | 88640 | 27540 | 61100 | 9 | 14 | 14 | 14 | 0
00000059 | 1 | 1 | 1 | 1 | 0 | 0,0,0,0 | 0,0,0,0 | 0 | -45932,56778,-51719,35786,-53511,62992,36996,8531,-12304,52297,-35598,12383,-42678,-47618,-54930,-40669 | FF000000 | 0 | 16384 | 11604 | 1058422698 | 89895 | 27988 | 61907 | 9 | 14 | 14 | 14 | 0
00000060 | 1 | 1 | 1 | 1 | 1 | 9,0,0,0 | 0,0,0,0 | 0 | -45932,56778,-51719,35786,-53511,62992,36996,8531,-12304,52297,-35598,12383,-42678,-47618,-54930,-40669 | 00000000 | 0 | 16384 | 12029 | 1059900376 | 91186 | 28413 | 62773 | 9 | 14 | 14 | 14 | 0
00000061 | 1 | 1 | 1 | 1 | 0 | 0,0,0,0 | 0,0,0,0 | 0 | -45932,56778,-51719,35786,-53511,62992,36996,8531,-12304,52297,-35598,12383,-42678,-47618,-54930,-40669 | 00005500 | 0 | 16384 | 12438 | 1061985318 | 89837 | 28822 | 61015 | 9 | 14 | 14 | 14 | 0
00000062 | 1 | 1 | 1 | 1 | 0 | 0,0,0,0 | 0,0,0,0 | 0 | -45932,56778,-51719,35786,-53511,62992,36996,8531,-12304,52297,-35598,12383,-42678,-47618,-54930,-40669 | 00005555 | 0 | 16384 | 12810 | 1063694760 | 88608 | 29194 | 59414 | 9 | 14 | 14 | 14 | 0
00000063 | 1 | 1 | 2 | 1 | 0 | 0,0,0,0 | 0,0,0,0 | 0 | -45932,56778,-51719,35786,-53511,62992,36996,8531,-12304,52297,-35598,12383,-42678,-47618,-54930,-40669 | 00555555 | 0 | 16384 | 13144 | 1064865323 | 87388 | 29528 | 57860 | 9 | 14 | 14 | 14 | 0
