# FRP v1.7.0 M15 deterministic trigonometric lookup table
# entries=4096
# format=index | sin_q30
0000 | 0
0001 | 1647099
0002 | 3294193
0003 | 4941281
0004 | 6588356
0005 | 8235416
0006 | 9882456
0007 | 11529474
0008 | 13176464
0009 | 14823423
000A | 16470347
000B | 18117233
000C | 19764076
000D | 21410872
000E | 23057618
000F | 24704310
0010 | 26350943
0011 | 27997515
0012 | 29644021
0013 | 31290457
0014 | 32936819
0015 | 34583104
0016 | 36229307
0017 | 37875426
0018 | 39521455
0019 | 41167391
001A | 42813230
001B | 44458968
001C | 46104602
001D | 47750128
001E | 49395541
001F | 51040837
0020 | 52686014
0021 | 54331067
0022 | 55975992
0023 | 57620785
0024 | 59265442
0025 | 60909960
0026 | 62554335
0027 | 64198563
0028 | 65842639
0029 | 67486561
002A | 69130324
002B | 70773924
002C | 72417357
002D | 74060620
002E | 75703709
002F | 77346620
0030 | 78989349
0031 | 80631892
0032 | 82274245
0033 | 83916404
0034 | 85558366
0035 | 87200127
0036 | 88841683
0037 | 90483029
0038 | 92124163
0039 | 93765079
003A | 95405776
003B | 97046247
003C | 98686491
003D | 100326502
003E | 101966277
003F | 103605812
0040 | 105245103
0041 | 106884147
0042 | 108522939
0043 | 110161476
0044 | 111799753
0045 | 113437768
0046 | 115075515
0047 | 116712992
0048 | 118350194
0049 | 119987118
004A | 121623759
004B | 123260114
004C | 124896179
004D | 126531950
004E | 128167423
004F | 129802595
0050 | 131437462
0051 | 133072019
0052 | 134706263
0053 | 136340190
0054 | 137973796
0055 | 139607077
0056 | 141240030
0057 | 142872651
0058 | 144504935
0059 | 146136880
005A | 147768480
005B | 149399733
005C | 151030634
005D | 152661180
005E | 154291367
005F | 155921191
0060 | 157550647
0061 | 159179733
0062 | 160808445
0063 | 162436778
0064 | 164064728
0065 | 165692293
0066 | 167319468
0067 | 168946249
0068 | 170572633
0069 | 172198615
006A | 173824192
006B | 175449360
006C | 177074115
006D | 178698453
006E | 180322371
006F | 181945865
0070 | 183568930
0071 | 185191564
0072 | 186813762
0073 | 188435520
0074 | 190056834
0075 | 191677702
0076 | 193298119
0077 | 194918080
0078 | 196537583
0079 | 198156624
007A | 199775198
007B | 201393302
007C | 203010932
007D | 204628085
007E | 206244756
007F | 207860942
0080 | 209476638
0081 | 211091842
0082 | 212706549
0083 | 214320755
0084 | 215934457
0085 | 217547651
0086 | 219160334
0087 | 220772500
0088 | 222384147
0089 | 223995270
008A | 225605867
008B | 227215933
008C | 228825464
008D | 230434456
008E | 232042906
008F | 233650811
0090 | 235258165
0091 | 236864966
0092 | 238471210
0093 | 240076892
0094 | 241682010
0095 | 243286558
0096 | 244890535
0097 | 246493935
0098 | 248096755
0099 | 249698991
009A | 251300640
009B | 252901697
009C | 254502159
009D | 256102022
009E | 257701283
009F | 259299937
00A0 | 260897982
00A1 | 262495412
00A2 | 264092224
00A3 | 265688415
00A4 | 267283981
00A5 | 268878918
00A6 | 270473223
00A7 | 272066891
00A8 | 273659918
00A9 | 275252302
00AA | 276844038
00AB | 278435122
00AC | 280025552
00AD | 281615322
00AE | 283204430
00AF | 284792871
00B0 | 286380643
00B1 | 287967740
00B2 | 289554160
00B3 | 291139898
00B4 | 292724951
00B5 | 294309316
00B6 | 295892988
00B7 | 297475964
00B8 | 299058239
00B9 | 300639811
00BA | 302220676
00BB | 303800829
00BC | 305380268
00BD | 306958988
00BE | 308536985
00BF | 310114257
00C0 | 311690799
00C1 | 313266607
00C2 | 314841679
00C3 | 316416009
00C4 | 317989595
00C5 | 319562433
00C6 | 321134518
00C7 | 322705848
00C8 | 324276419
00C9 | 325846226
00CA | 327415267
00CB | 328983538
00CC | 330551034
00CD | 332117752
00CE | 333683689
00CF | 335248841
00D0 | 336813204
00D1 | 338376774
00D2 | 339939549
00D3 | 341501523
00D4 | 343062693
00D5 | 344623057
00D6 | 346182609
00D7 | 347741347
00D8 | 349299266
00D9 | 350856364
00DA | 352412636
00DB | 353968079
00DC | 355522689
00DD | 357076462
00DE | 358629395
00DF | 360181484
00E0 | 361732726
00E1 | 363283116
00E2 | 364832652
00E3 | 366381329
00E4 | 367929144
00E5 | 369476093
00E6 | 371022173
00E7 | 372567379
00E8 | 374111709
00E9 | 375655159
00EA | 377197725
00EB | 378739403
00EC | 380280190
00ED | 381820082
00EE | 383359076
00EF | 384897167
00F0 | 386434353
00F1 | 387970630
00F2 | 389505993
00F3 | 391040440
00F4 | 392573967
00F5 | 394106570
00F6 | 395638246
00F7 | 397168991
00F8 | 398698801
00F9 | 400227673
00FA | 401755603
00FB | 403282588
00FC | 404808624
00FD | 406333708
00FE | 407857835
00FF | 409381002
0100 | 410903207
0101 | 412424444
0102 | 413944711
0103 | 415464004
0104 | 416982319
0105 | 418499653
0106 | 420016002
0107 | 421531363
0108 | 423045732
0109 | 424559105
010A | 426071480
010B | 427582852
010C | 429093217
010D | 430602573
010E | 432110916
010F | 433618242
0110 | 435124548
0111 | 436629829
0112 | 438134084
0113 | 439637307
0114 | 441139496
0115 | 442640647
0116 | 444140756
0117 | 445639820
0118 | 447137835
0119 | 448634799
011A | 450130706
011B | 451625555
011C | 453119340
011D | 454612060
011E | 456103710
011F | 457594286
0120 | 459083786
0121 | 460572205
0122 | 462059541
0123 | 463545789
0124 | 465030947
0125 | 466515010
0126 | 467997976
0127 | 469479840
0128 | 470960600
0129 | 472440251
012A | 473918791
012B | 475396216
012C | 476872522
012D | 478347705
012E | 479821764
012F | 481294693
0130 | 482766489
0131 | 484237150
0132 | 485706671
0133 | 487175049
0134 | 488642281
0135 | 490108363
0136 | 491573292
0137 | 493037064
0138 | 494499676
0139 | 495961124
013A | 497421405
013B | 498880516
013C | 500338453
013D | 501795212
013E | 503250791
013F | 504705185
0140 | 506158392
0141 | 507610408
0142 | 509061229
0143 | 510510853
0144 | 511959275
0145 | 513406493
0146 | 514852502
0147 | 516297300
0148 | 517740883
0149 | 519183248
014A | 520624391
014B | 522064309
014C | 523502998
014D | 524940456
014E | 526376678
014F | 527811662
0150 | 529245404
0151 | 530677900
0152 | 532109148
0153 | 533539144
0154 | 534967884
0155 | 536395365
0156 | 537821584
0157 | 539246538
0158 | 540670223
0159 | 542092635
015A | 543513772
015B | 544933630
015C | 546352205
015D | 547769495
015E | 549185496
015F | 550600205
0160 | 552013618
0161 | 553425732
0162 | 554836544
0163 | 556246051
0164 | 557654248
0165 | 559061133
0166 | 560466703
0167 | 561870954
0168 | 563273883
0169 | 564675486
016A | 566075761
016B | 567474703
016C | 568872310
016D | 570268579
016E | 571663506
016F | 573057087
0170 | 574449320
0171 | 575840202
0172 | 577229728
0173 | 578617896
0174 | 580004702
0175 | 581390144
0176 | 582774218
0177 | 584156920
0178 | 585538248
0179 | 586918198
017A | 588296766
017B | 589673951
017C | 591049748
017D | 592424154
017E | 593797166
017F | 595168781
0180 | 596538995
0181 | 597907806
0182 | 599275210
0183 | 600641203
0184 | 602005783
0185 | 603368947
0186 | 604730691
0187 | 606091012
0188 | 607449906
0189 | 608807372
018A | 610163404
018B | 611518001
018C | 612871159
018D | 614222875
018E | 615573145
018F | 616921967
0190 | 618269338
0191 | 619615253
0192 | 620959711
0193 | 622302707
0194 | 623644239
0195 | 624984303
0196 | 626322897
0197 | 627660017
0198 | 628995660
0199 | 630329823
019A | 631662503
019B | 632993696
019C | 634323400
019D | 635651611
019E | 636978327
019F | 638303543
01A0 | 639627258
01A1 | 640949467
01A2 | 642270169
01A3 | 643589359
01A4 | 644907034
01A5 | 646223192
01A6 | 647537830
01A7 | 648850943
01A8 | 650162530
01A9 | 651472587
01AA | 652781111
01AB | 654088099
01AC | 655393548
01AD | 656697454
01AE | 657999816
01AF | 659300629
01B0 | 660599890
01B1 | 661897597
01B2 | 663193747
01B3 | 664488336
01B4 | 665781362
01B5 | 667072820
01B6 | 668362709
01B7 | 669651026
01B8 | 670937767
01B9 | 672222928
01BA | 673506508
01BB | 674788504
01BC | 676068911
01BD | 677347728
01BE | 678624950
01BF | 679900576
01C0 | 681174602
01C1 | 682447025
01C2 | 683717842
01C3 | 684987051
01C4 | 686254647
01C5 | 687520629
01C6 | 688784993
01C7 | 690047736
01C8 | 691308855
01C9 | 692568348
01CA | 693826211
01CB | 695082441
01CC | 696337036
01CD | 697589992
01CE | 698841307
01CF | 700090977
01D0 | 701339000
01D1 | 702585372
01D2 | 703830092
01D3 | 705073155
01D4 | 706314559
01D5 | 707554301
01D6 | 708792378
01D7 | 710028787
01D8 | 711263525
01D9 | 712496590
01DA | 713727978
01DB | 714957687
01DC | 716185713
01DD | 717412054
01DE | 718636707
01DF | 719859669
01E0 | 721080937
01E1 | 722300508
01E2 | 723518380
01E3 | 724734549
01E4 | 725949013
01E5 | 727161768
01E6 | 728372813
01E7 | 729582143
01E8 | 730789757
01E9 | 731995651
01EA | 733199822
01EB | 734402269
01EC | 735602987
01ED | 736801974
01EE | 737999228
01EF | 739194745
01F0 | 740388522
01F1 | 741580558
01F2 | 742770848
01F3 | 743959390
01F4 | 745146182
01F5 | 746331221
01F6 | 747514503
01F7 | 748696026
01F8 | 749875788
01F9 | 751053785
01FA | 752230015
01FB | 753404474
01FC | 754577161
01FD | 755748072
01FE | 756917205
01FF | 758084557
0200 | 759250125
0201 | 760413906
0202 | 761575898
0203 | 762736098
0204 | 763894504
0205 | 765051111
0206 | 766205919
0207 | 767358923
0208 | 768510122
0209 | 769659512
020A | 770807092
020B | 771952857
020C | 773096806
020D | 774238936
020E | 775379244
020F | 776517728
0210 | 777654384
0211 | 778789210
0212 | 779922204
0213 | 781053363
0214 | 782182683
0215 | 783310163
0216 | 784435800
0217 | 785559591
0218 | 786681534
0219 | 787801625
021A | 788919863
021B | 790036244
021C | 791150767
021D | 792263427
021E | 793374223
021F | 794483153
0220 | 795590213
0221 | 796695401
0222 | 797798714
0223 | 798900150
0224 | 799999706
0225 | 801097379
0226 | 802193167
0227 | 803287068
0228 | 804379079
0229 | 805469196
022A | 806557419
022B | 807643743
022C | 808728167
022D | 809810688
022E | 810891304
022F | 811970011
0230 | 813046808
0231 | 814121692
0232 | 815194659
0233 | 816265709
0234 | 817334838
0235 | 818402043
0236 | 819467323
0237 | 820530675
0238 | 821592095
0239 | 822651583
023A | 823709135
023B | 824764748
023C | 825818421
023D | 826870150
023E | 827919934
023F | 828967769
0240 | 830013654
0241 | 831057586
0242 | 832099562
0243 | 833139580
0244 | 834177638
0245 | 835213733
0246 | 836247863
0247 | 837280024
0248 | 838310216
0249 | 839338435
024A | 840364679
024B | 841388945
024C | 842411232
024D | 843431536
024E | 844449856
024F | 845466188
0250 | 846480531
0251 | 847492882
0252 | 848503239
0253 | 849511600
0254 | 850517961
0255 | 851522321
0256 | 852524677
0257 | 853525028
0258 | 854523370
0259 | 855519701
025A | 856514019
025B | 857506321
025C | 858496606
025D | 859484870
025E | 860471112
025F | 861455330
0260 | 862437520
0261 | 863417681
0262 | 864395810
0263 | 865371905
0264 | 866345964
0265 | 867317984
0266 | 868287963
0267 | 869255900
0268 | 870221790
0269 | 871185633
026A | 872147426
026B | 873107167
026C | 874064853
026D | 875020483
026E | 875974054
026F | 876925563
0270 | 877875009
0271 | 878822389
0272 | 879767701
0273 | 880710943
0274 | 881652112
0275 | 882591207
0276 | 883528225
0277 | 884463164
0278 | 885396022
0279 | 886326796
027A | 887255485
027B | 888182086
027C | 889106597
027D | 890029016
027E | 890949341
027F | 891867569
0280 | 892783698
0281 | 893697727
0282 | 894609652
0283 | 895519473
0284 | 896427186
0285 | 897332790
0286 | 898236282
0287 | 899137661
0288 | 900036924
0289 | 900934069
028A | 901829095
028B | 902721998
028C | 903612776
028D | 904501429
028E | 905387953
028F | 906272347
0290 | 907154608
0291 | 908034735
0292 | 908912725
0293 | 909788576
0294 | 910662286
0295 | 911533853
0296 | 912403276
0297 | 913270551
0298 | 914135678
0299 | 914998653
029A | 915859476
029B | 916718143
029C | 917574653
029D | 918429004
029E | 919281194
029F | 920131221
02A0 | 920979082
02A1 | 921824777
02A2 | 922668302
02A3 | 923509656
02A4 | 924348837
02A5 | 925185843
02A6 | 926020672
02A7 | 926853322
02A8 | 927683790
02A9 | 928512076
02AA | 929338177
02AB | 930162092
02AC | 930983817
02AD | 931803352
02AE | 932620694
02AF | 933435842
02B0 | 934248793
02B1 | 935059546
02B2 | 935868098
02B3 | 936674448
02B4 | 937478595
02B5 | 938280535
02B6 | 939080267
02B7 | 939877790
02B8 | 940673101
02B9 | 941466198
02BA | 942257081
02BB | 943045745
02BC | 943832191
02BD | 944616416
02BE | 945398418
02BF | 946178196
02C0 | 946955747
02C1 | 947731070
02C2 | 948504163
02C3 | 949275023
02C4 | 950043650
02C5 | 950810042
02C6 | 951574196
02C7 | 952336111
02C8 | 953095785
02C9 | 953853216
02CA | 954608403
02CB | 955361344
02CC | 956112036
02CD | 956860479
02CE | 957606670
02CF | 958350608
02D0 | 959092290
02D1 | 959831716
02D2 | 960568883
02D3 | 961303790
02D4 | 962036435
02D5 | 962766816
02D6 | 963494932
02D7 | 964220780
02D8 | 964944360
02D9 | 965665669
02DA | 966384706
02DB | 967101468
02DC | 967815955
02DD | 968528165
02DE | 969238095
02DF | 969945745
02E0 | 970651112
02E1 | 971354196
02E2 | 972054994
02E3 | 972753504
02E4 | 973449725
02E5 | 974143656
02E6 | 974835295
02E7 | 975524639
02E8 | 976211688
02E9 | 976896441
02EA | 977578894
02EB | 978259047
02EC | 978936898
02ED | 979612445
02EE | 980285688
02EF | 980956623
02F0 | 981625251
02F1 | 982291568
02F2 | 982955574
02F3 | 983617267
02F4 | 984276646
02F5 | 984933708
02F6 | 985588453
02F7 | 986240879
02F8 | 986890984
02F9 | 987538766
02FA | 988184225
02FB | 988827359
02FC | 989468165
02FD | 990106644
02FE | 990742793
02FF | 991376610
0300 | 992008094
0301 | 992637245
0302 | 993264059
0303 | 993888536
0304 | 994510675
0305 | 995130473
0306 | 995747930
0307 | 996363043
0308 | 996975812
0309 | 997586236
030A | 998194311
030B | 998800038
030C | 999403415
030D | 1000004439
030E | 1000603111
030F | 1001199428
0310 | 1001793390
0311 | 1002384994
0312 | 1002974239
0313 | 1003561124
0314 | 1004145648
0315 | 1004727809
0316 | 1005307605
0317 | 1005885036
0318 | 1006460100
0319 | 1007032796
031A | 1007603122
031B | 1008171077
031C | 1008736660
031D | 1009299870
031E | 1009860704
031F | 1010419162
0320 | 1010975242
0321 | 1011528943
0322 | 1012080264
0323 | 1012629204
0324 | 1013175761
0325 | 1013719934
0326 | 1014261721
0327 | 1014801122
0328 | 1015338134
0329 | 1015872758
032A | 1016404991
032B | 1016934832
032C | 1017462281
032D | 1017987335
032E | 1018509994
032F | 1019030256
0330 | 1019548121
0331 | 1020063586
0332 | 1020576651
0333 | 1021087314
0334 | 1021595575
0335 | 1022101432
0336 | 1022604883
0337 | 1023105929
0338 | 1023604567
0339 | 1024100796
033A | 1024594615
033B | 1025086024
033C | 1025575020
033D | 1026061603
033E | 1026545772
033F | 1027027525
0340 | 1027506862
0341 | 1027983780
0342 | 1028458280
0343 | 1028930359
0344 | 1029400018
0345 | 1029867254
0346 | 1030332067
0347 | 1030794455
0348 | 1031254418
0349 | 1031711954
034A | 1032167062
034B | 1032619742
034C | 1033069992
034D | 1033517810
034E | 1033963197
034F | 1034406151
0350 | 1034846671
0351 | 1035284755
0352 | 1035720404
0353 | 1036153615
0354 | 1036584389
0355 | 1037012723
0356 | 1037438617
0357 | 1037862069
0358 | 1038283080
0359 | 1038701647
035A | 1039117770
035B | 1039531448
035C | 1039942680
035D | 1040351465
035E | 1040757802
035F | 1041161689
0360 | 1041563127
0361 | 1041962114
0362 | 1042358649
0363 | 1042752731
0364 | 1043144360
0365 | 1043533534
0366 | 1043920252
0367 | 1044304514
0368 | 1044686319
0369 | 1045065665
036A | 1045442553
036B | 1045816980
036C | 1046188946
036D | 1046558451
036E | 1046925492
036F | 1047290071
0370 | 1047652185
0371 | 1048011834
0372 | 1048369016
0373 | 1048723732
0374 | 1049075980
0375 | 1049425759
0376 | 1049773069
0377 | 1050117909
0378 | 1050460278
0379 | 1050800175
037A | 1051137599
037B | 1051472550
037C | 1051805027
037D | 1052135029
037E | 1052462555
037F | 1052787604
0380 | 1053110176
0381 | 1053430270
0382 | 1053747885
0383 | 1054063021
0384 | 1054375676
0385 | 1054685850
0386 | 1054993543
0387 | 1055298753
0388 | 1055601479
0389 | 1055901722
038A | 1056199480
038B | 1056494753
038C | 1056787540
038D | 1057077840
038E | 1057365653
038F | 1057650977
0390 | 1057933813
0391 | 1058214159
0392 | 1058492016
0393 | 1058767381
0394 | 1059040255
0395 | 1059310638
0396 | 1059578527
0397 | 1059843923
0398 | 1060106826
0399 | 1060367233
039A | 1060625146
039B | 1060880563
039C | 1061133483
039D | 1061383907
039E | 1061631833
039F | 1061877261
03A0 | 1062120190
03A1 | 1062360620
03A2 | 1062598550
03A3 | 1062833980
03A4 | 1063066909
03A5 | 1063297336
03A6 | 1063525261
03A7 | 1063750684
03A8 | 1063973603
03A9 | 1064194019
03AA | 1064411931
03AB | 1064627338
03AC | 1064840240
03AD | 1065050636
03AE | 1065258526
03AF | 1065463909
03B0 | 1065666786
03B1 | 1065867154
03B2 | 1066065015
03B3 | 1066260367
03B4 | 1066453210
03B5 | 1066643544
03B6 | 1066831367
03B7 | 1067016680
03B8 | 1067199483
03B9 | 1067379774
03BA | 1067557554
03BB | 1067732821
03BC | 1067905576
03BD | 1068075818
03BE | 1068243547
03BF | 1068408763
03C0 | 1068571464
03C1 | 1068731650
03C2 | 1068889322
03C3 | 1069044479
03C4 | 1069197120
03C5 | 1069347245
03C6 | 1069494854
03C7 | 1069639946
03C8 | 1069782521
03C9 | 1069922579
03CA | 1070060120
03CB | 1070195142
03CC | 1070327646
03CD | 1070457632
03CE | 1070585099
03CF | 1070710046
03D0 | 1070832474
03D1 | 1070952382
03D2 | 1071069770
03D3 | 1071184638
03D4 | 1071296985
03D5 | 1071406812
03D6 | 1071514117
03D7 | 1071618901
03D8 | 1071721163
03D9 | 1071820903
03DA | 1071918122
03DB | 1072012818
03DC | 1072104991
03DD | 1072194642
03DE | 1072281769
03DF | 1072366374
03E0 | 1072448455
03E1 | 1072528012
03E2 | 1072605046
03E3 | 1072679556
03E4 | 1072751542
03E5 | 1072821003
03E6 | 1072887940
03E7 | 1072952352
03E8 | 1073014240
03E9 | 1073073603
03EA | 1073130440
03EB | 1073184753
03EC | 1073236540
03ED | 1073285802
03EE | 1073332538
03EF | 1073376748
03F0 | 1073418433
03F1 | 1073457592
03F2 | 1073494225
03F3 | 1073528332
03F4 | 1073559913
03F5 | 1073588967
03F6 | 1073615496
03F7 | 1073639498
03F8 | 1073660973
03F9 | 1073679922
03FA | 1073696345
03FB | 1073710241
03FC | 1073721611
03FD | 1073730454
03FE | 1073736771
03FF | 1073740561
0400 | 1073741824
0401 | 1073740561
0402 | 1073736771
0403 | 1073730454
0404 | 1073721611
0405 | 1073710241
0406 | 1073696345
0407 | 1073679922
0408 | 1073660973
0409 | 1073639498
040A | 1073615496
040B | 1073588967
040C | 1073559913
040D | 1073528332
040E | 1073494225
040F | 1073457592
0410 | 1073418433
0411 | 1073376748
0412 | 1073332538
0413 | 1073285802
0414 | 1073236540
0415 | 1073184753
0416 | 1073130440
0417 | 1073073603
0418 | 1073014240
0419 | 1072952352
041A | 1072887940
041B | 1072821003
041C | 1072751542
041D | 1072679556
041E | 1072605046
041F | 1072528012
0420 | 1072448455
0421 | 1072366374
0422 | 1072281769
0423 | 1072194642
0424 | 1072104991
0425 | 1072012818
0426 | 1071918122
0427 | 1071820903
0428 | 1071721163
0429 | 1071618901
042A | 1071514117
042B | 1071406812
042C | 1071296985
042D | 1071184638
042E | 1071069770
042F | 1070952382
0430 | 1070832474
0431 | 1070710046
0432 | 1070585099
0433 | 1070457632
0434 | 1070327646
0435 | 1070195142
0436 | 1070060120
0437 | 1069922579
0438 | 1069782521
0439 | 1069639946
043A | 1069494854
043B | 1069347245
043C | 1069197120
043D | 1069044479
043E | 1068889322
043F | 1068731650
0440 | 1068571464
0441 | 1068408763
0442 | 1068243547
0443 | 1068075818
0444 | 1067905576
0445 | 1067732821
0446 | 1067557554
0447 | 1067379774
0448 | 1067199483
0449 | 1067016680
044A | 1066831367
044B | 1066643544
044C | 1066453210
044D | 1066260367
044E | 1066065015
044F | 1065867154
0450 | 1065666786
0451 | 1065463909
0452 | 1065258526
0453 | 1065050636
0454 | 1064840240
0455 | 1064627338
0456 | 1064411931
0457 | 1064194019
0458 | 1063973603
0459 | 1063750684
045A | 1063525261
045B | 1063297336
045C | 1063066909
045D | 1062833980
045E | 1062598550
045F | 1062360620
0460 | 1062120190
0461 | 1061877261
0462 | 1061631833
0463 | 1061383907
0464 | 1061133483
0465 | 1060880563
0466 | 1060625146
0467 | 1060367233
0468 | 1060106826
0469 | 1059843923
046A | 1059578527
046B | 1059310638
046C | 1059040255
046D | 1058767381
046E | 1058492016
046F | 1058214159
0470 | 1057933813
0471 | 1057650977
0472 | 1057365653
0473 | 1057077840
0474 | 1056787540
0475 | 1056494753
0476 | 1056199480
0477 | 1055901722
0478 | 1055601479
0479 | 1055298753
047A | 1054993543
047B | 1054685850
047C | 1054375676
047D | 1054063021
047E | 1053747885
047F | 1053430270
0480 | 1053110176
0481 | 1052787604
0482 | 1052462555
0483 | 1052135029
0484 | 1051805027
0485 | 1051472550
0486 | 1051137599
0487 | 1050800175
0488 | 1050460278
0489 | 1050117909
048A | 1049773069
048B | 1049425759
048C | 1049075980
048D | 1048723732
048E | 1048369016
048F | 1048011834
0490 | 1047652185
0491 | 1047290071
0492 | 1046925492
0493 | 1046558451
0494 | 1046188946
0495 | 1045816980
0496 | 1045442553
0497 | 1045065665
0498 | 1044686319
0499 | 1044304514
049A | 1043920252
049B | 1043533534
049C | 1043144360
049D | 1042752731
049E | 1042358649
049F | 1041962114
04A0 | 1041563127
04A1 | 1041161689
04A2 | 1040757802
04A3 | 1040351465
04A4 | 1039942680
04A5 | 1039531448
04A6 | 1039117770
04A7 | 1038701647
04A8 | 1038283080
04A9 | 1037862069
04AA | 1037438617
04AB | 1037012723
04AC | 1036584389
04AD | 1036153615
04AE | 1035720404
04AF | 1035284755
04B0 | 1034846671
04B1 | 1034406151
04B2 | 1033963197
04B3 | 1033517810
04B4 | 1033069992
04B5 | 1032619742
04B6 | 1032167062
04B7 | 1031711954
04B8 | 1031254418
04B9 | 1030794455
04BA | 1030332067
04BB | 1029867254
04BC | 1029400018
04BD | 1028930359
04BE | 1028458280
04BF | 1027983780
04C0 | 1027506862
04C1 | 1027027525
04C2 | 1026545772
04C3 | 1026061603
04C4 | 1025575020
04C5 | 1025086024
04C6 | 1024594615
04C7 | 1024100796
04C8 | 1023604567
04C9 | 1023105929
04CA | 1022604883
04CB | 1022101432
04CC | 1021595575
04CD | 1021087314
04CE | 1020576651
04CF | 1020063586
04D0 | 1019548121
04D1 | 1019030256
04D2 | 1018509994
04D3 | 1017987335
04D4 | 1017462281
04D5 | 1016934832
04D6 | 1016404991
04D7 | 1015872758
04D8 | 1015338134
04D9 | 1014801122
04DA | 1014261721
04DB | 1013719934
04DC | 1013175761
04DD | 1012629204
04DE | 1012080264
04DF | 1011528943
04E0 | 1010975242
04E1 | 1010419162
04E2 | 1009860704
04E3 | 1009299870
04E4 | 1008736660
04E5 | 1008171077
04E6 | 1007603122
04E7 | 1007032796
04E8 | 1006460100
04E9 | 1005885036
04EA | 1005307605
04EB | 1004727809
04EC | 1004145648
04ED | 1003561124
04EE | 1002974239
04EF | 1002384994
04F0 | 1001793390
04F1 | 1001199428
04F2 | 1000603111
04F3 | 1000004439
04F4 | 999403415
04F5 | 998800038
04F6 | 998194311
04F7 | 997586236
04F8 | 996975812
04F9 | 996363043
04FA | 995747930
04FB | 995130473
04FC | 994510675
04FD | 993888536
04FE | 993264059
04FF | 992637245
0500 | 992008094
0501 | 991376610
0502 | 990742793
0503 | 990106644
0504 | 989468165
0505 | 988827359
0506 | 988184225
0507 | 987538766
0508 | 986890984
0509 | 986240879
050A | 985588453
050B | 984933708
050C | 984276646
050D | 983617267
050E | 982955574
050F | 982291568
0510 | 981625251
0511 | 980956623
0512 | 980285688
0513 | 979612445
0514 | 978936898
0515 | 978259047
0516 | 977578894
0517 | 976896441
0518 | 976211688
0519 | 975524639
051A | 974835295
051B | 974143656
051C | 973449725
051D | 972753504
051E | 972054994
051F | 971354196
0520 | 970651112
0521 | 969945745
0522 | 969238095
0523 | 968528165
0524 | 967815955
0525 | 967101468
0526 | 966384706
0527 | 965665669
0528 | 964944360
0529 | 964220780
052A | 963494932
052B | 962766816
052C | 962036435
052D | 961303790
052E | 960568883
052F | 959831716
0530 | 959092290
0531 | 958350608
0532 | 957606670
0533 | 956860479
0534 | 956112036
0535 | 955361344
0536 | 954608403
0537 | 953853216
0538 | 953095785
0539 | 952336111
053A | 951574196
053B | 950810042
053C | 950043650
053D | 949275023
053E | 948504163
053F | 947731070
0540 | 946955747
0541 | 946178196
0542 | 945398418
0543 | 944616416
0544 | 943832191
0545 | 943045745
0546 | 942257081
0547 | 941466198
0548 | 940673101
0549 | 939877790
054A | 939080267
054B | 938280535
054C | 937478595
054D | 936674448
054E | 935868098
054F | 935059546
0550 | 934248793
0551 | 933435842
0552 | 932620694
0553 | 931803352
0554 | 930983817
0555 | 930162092
0556 | 929338177
0557 | 928512076
0558 | 927683790
0559 | 926853322
055A | 926020672
055B | 925185843
055C | 924348837
055D | 923509656
055E | 922668302
055F | 921824777
0560 | 920979082
0561 | 920131221
0562 | 919281194
0563 | 918429004
0564 | 917574653
0565 | 916718143
0566 | 915859476
0567 | 914998653
0568 | 914135678
0569 | 913270551
056A | 912403276
056B | 911533853
056C | 910662286
056D | 909788576
056E | 908912725
056F | 908034735
0570 | 907154608
0571 | 906272347
0572 | 905387953
0573 | 904501429
0574 | 903612776
0575 | 902721998
0576 | 901829095
0577 | 900934069
0578 | 900036924
0579 | 899137661
057A | 898236282
057B | 897332790
057C | 896427186
057D | 895519473
057E | 894609652
057F | 893697727
0580 | 892783698
0581 | 891867569
0582 | 890949341
0583 | 890029016
0584 | 889106597
0585 | 888182086
0586 | 887255485
0587 | 886326796
0588 | 885396022
0589 | 884463164
058A | 883528225
058B | 882591207
058C | 881652112
058D | 880710943
058E | 879767701
058F | 878822389
0590 | 877875009
0591 | 876925563
0592 | 875974054
0593 | 875020483
0594 | 874064853
0595 | 873107167
0596 | 872147426
0597 | 871185633
0598 | 870221790
0599 | 869255900
059A | 868287963
059B | 867317984
059C | 866345964
059D | 865371905
059E | 864395810
059F | 863417681
05A0 | 862437520
05A1 | 861455330
05A2 | 860471112
05A3 | 859484870
05A4 | 858496606
05A5 | 857506321
05A6 | 856514019
05A7 | 855519701
05A8 | 854523370
05A9 | 853525028
05AA | 852524677
05AB | 851522321
05AC | 850517961
05AD | 849511600
05AE | 848503239
05AF | 847492882
05B0 | 846480531
05B1 | 845466188
05B2 | 844449856
05B3 | 843431536
05B4 | 842411232
05B5 | 841388945
05B6 | 840364679
05B7 | 839338435
05B8 | 838310216
05B9 | 837280024
05BA | 836247863
05BB | 835213733
05BC | 834177638
05BD | 833139580
05BE | 832099562
05BF | 831057586
05C0 | 830013654
05C1 | 828967769
05C2 | 827919934
05C3 | 826870150
05C4 | 825818421
05C5 | 824764748
05C6 | 823709135
05C7 | 822651583
05C8 | 821592095
05C9 | 820530675
05CA | 819467323
05CB | 818402043
05CC | 817334838
05CD | 816265709
05CE | 815194659
05CF | 814121692
05D0 | 813046808
05D1 | 811970011
05D2 | 810891304
05D3 | 809810688
05D4 | 808728167
05D5 | 807643743
05D6 | 806557419
05D7 | 805469196
05D8 | 804379079
05D9 | 803287068
05DA | 802193167
05DB | 801097379
05DC | 799999706
05DD | 798900150
05DE | 797798714
05DF | 796695401
05E0 | 795590213
05E1 | 794483153
05E2 | 793374223
05E3 | 792263427
05E4 | 791150767
05E5 | 790036244
05E6 | 788919863
05E7 | 787801625
05E8 | 786681534
05E9 | 785559591
05EA | 784435800
05EB | 783310163
05EC | 782182683
05ED | 781053363
05EE | 779922204
05EF | 778789210
05F0 | 777654384
05F1 | 776517728
05F2 | 775379244
05F3 | 774238936
05F4 | 773096806
05F5 | 771952857
05F6 | 770807092
05F7 | 769659512
05F8 | 768510122
05F9 | 767358923
05FA | 766205919
05FB | 765051111
05FC | 763894504
05FD | 762736098
05FE | 761575898
05FF | 760413906
0600 | 759250125
0601 | 758084557
0602 | 756917205
0603 | 755748072
0604 | 754577161
0605 | 753404474
0606 | 752230015
0607 | 751053785
0608 | 749875788
0609 | 748696026
060A | 747514503
060B | 746331221
060C | 745146182
060D | 743959390
060E | 742770848
060F | 741580558
0610 | 740388522
0611 | 739194745
0612 | 737999228
0613 | 736801974
0614 | 735602987
0615 | 734402269
0616 | 733199822
0617 | 731995651
0618 | 730789757
0619 | 729582143
061A | 728372813
061B | 727161768
061C | 725949013
061D | 724734549
061E | 723518380
061F | 722300508
0620 | 721080937
0621 | 719859669
0622 | 718636707
0623 | 717412054
0624 | 716185713
0625 | 714957687
0626 | 713727978
0627 | 712496590
0628 | 711263525
0629 | 710028787
062A | 708792378
062B | 707554301
062C | 706314559
062D | 705073155
062E | 703830092
062F | 702585372
0630 | 701339000
0631 | 700090977
0632 | 698841307
0633 | 697589992
0634 | 696337036
0635 | 695082441
0636 | 693826211
0637 | 692568348
0638 | 691308855
0639 | 690047736
063A | 688784993
063B | 687520629
063C | 686254647
063D | 684987051
063E | 683717842
063F | 682447025
0640 | 681174602
0641 | 679900576
0642 | 678624950
0643 | 677347728
0644 | 676068911
0645 | 674788504
0646 | 673506508
0647 | 672222928
0648 | 670937767
0649 | 669651026
064A | 668362709
064B | 667072820
064C | 665781362
064D | 664488336
064E | 663193747
064F | 661897597
0650 | 660599890
0651 | 659300629
0652 | 657999816
0653 | 656697454
0654 | 655393548
0655 | 654088099
0656 | 652781111
0657 | 651472587
0658 | 650162530
0659 | 648850943
065A | 647537830
065B | 646223192
065C | 644907034
065D | 643589359
065E | 642270169
065F | 640949467
0660 | 639627258
0661 | 638303543
0662 | 636978327
0663 | 635651611
0664 | 634323400
0665 | 632993696
0666 | 631662503
0667 | 630329823
0668 | 628995660
0669 | 627660017
066A | 626322897
066B | 624984303
066C | 623644239
066D | 622302707
066E | 620959711
066F | 619615253
0670 | 618269338
0671 | 616921967
0672 | 615573145
0673 | 614222875
0674 | 612871159
0675 | 611518001
0676 | 610163404
0677 | 608807372
0678 | 607449906
0679 | 606091012
067A | 604730691
067B | 603368947
067C | 602005783
067D | 600641203
067E | 599275210
067F | 597907806
0680 | 596538995
0681 | 595168781
0682 | 593797166
0683 | 592424154
0684 | 591049748
0685 | 589673951
0686 | 588296766
0687 | 586918198
0688 | 585538248
0689 | 584156920
068A | 582774218
068B | 581390144
068C | 580004702
068D | 578617896
068E | 577229728
068F | 575840202
0690 | 574449320
0691 | 573057087
0692 | 571663506
0693 | 570268579
0694 | 568872310
0695 | 567474703
0696 | 566075761
0697 | 564675486
0698 | 563273883
0699 | 561870954
069A | 560466703
069B | 559061133
069C | 557654248
069D | 556246051
069E | 554836544
069F | 553425732
06A0 | 552013618
06A1 | 550600205
06A2 | 549185496
06A3 | 547769495
06A4 | 546352205
06A5 | 544933630
06A6 | 543513772
06A7 | 542092635
06A8 | 540670223
06A9 | 539246538
06AA | 537821584
06AB | 536395365
06AC | 534967884
06AD | 533539144
06AE | 532109148
06AF | 530677900
06B0 | 529245404
06B1 | 527811662
06B2 | 526376678
06B3 | 524940456
06B4 | 523502998
06B5 | 522064309
06B6 | 520624391
06B7 | 519183248
06B8 | 517740883
06B9 | 516297300
06BA | 514852502
06BB | 513406493
06BC | 511959275
06BD | 510510853
06BE | 509061229
06BF | 507610408
06C0 | 506158392
06C1 | 504705185
06C2 | 503250791
06C3 | 501795212
06C4 | 500338453
06C5 | 498880516
06C6 | 497421405
06C7 | 495961124
06C8 | 494499676
06C9 | 493037064
06CA | 491573292
06CB | 490108363
06CC | 488642281
06CD | 487175049
06CE | 485706671
06CF | 484237150
06D0 | 482766489
06D1 | 481294693
06D2 | 479821764
06D3 | 478347705
06D4 | 476872522
06D5 | 475396216
06D6 | 473918791
06D7 | 472440251
06D8 | 470960600
06D9 | 469479840
06DA | 467997976
06DB | 466515010
06DC | 465030947
06DD | 463545789
06DE | 462059541
06DF | 460572205
06E0 | 459083786
06E1 | 457594286
06E2 | 456103710
06E3 | 454612060
06E4 | 453119340
06E5 | 451625555
06E6 | 450130706
06E7 | 448634799
06E8 | 447137835
06E9 | 445639820
06EA | 444140756
06EB | 442640647
06EC | 441139496
06ED | 439637307
06EE | 438134084
06EF | 436629829
06F0 | 435124548
06F1 | 433618242
06F2 | 432110916
06F3 | 430602573
06F4 | 429093217
06F5 | 427582852
06F6 | 426071480
06F7 | 424559105
06F8 | 423045732
06F9 | 421531363
06FA | 420016002
06FB | 418499653
06FC | 416982319
06FD | 415464004
06FE | 413944711
06FF | 412424444
0700 | 410903207
0701 | 409381002
0702 | 407857835
0703 | 406333708
0704 | 404808624
0705 | 403282588
0706 | 401755603
0707 | 400227673
0708 | 398698801
0709 | 397168991
070A | 395638246
070B | 394106570
070C | 392573967
070D | 391040440
070E | 389505993
070F | 387970630
0710 | 386434353
0711 | 384897167
0712 | 383359076
0713 | 381820082
0714 | 380280190
0715 | 378739403
0716 | 377197725
0717 | 375655159
0718 | 374111709
0719 | 372567379
071A | 371022173
071B | 369476093
071C | 367929144
071D | 366381329
071E | 364832652
071F | 363283116
0720 | 361732726
0721 | 360181484
0722 | 358629395
0723 | 357076462
0724 | 355522689
0725 | 353968079
0726 | 352412636
0727 | 350856364
0728 | 349299266
0729 | 347741347
072A | 346182609
072B | 344623057
072C | 343062693
072D | 341501523
072E | 339939549
072F | 338376774
0730 | 336813204
0731 | 335248841
0732 | 333683689
0733 | 332117752
0734 | 330551034
0735 | 328983538
0736 | 327415267
0737 | 325846226
0738 | 324276419
0739 | 322705848
073A | 321134518
073B | 319562433
073C | 317989595
073D | 316416009
073E | 314841679
073F | 313266607
0740 | 311690799
0741 | 310114257
0742 | 308536985
0743 | 306958988
0744 | 305380268
0745 | 303800829
0746 | 302220676
0747 | 300639811
0748 | 299058239
0749 | 297475964
074A | 295892988
074B | 294309316
074C | 292724951
074D | 291139898
074E | 289554160
074F | 287967740
0750 | 286380643
0751 | 284792871
0752 | 283204430
0753 | 281615322
0754 | 280025552
0755 | 278435122
0756 | 276844038
0757 | 275252302
0758 | 273659918
0759 | 272066891
075A | 270473223
075B | 268878918
075C | 267283981
075D | 265688415
075E | 264092224
075F | 262495412
0760 | 260897982
0761 | 259299937
0762 | 257701283
0763 | 256102022
0764 | 254502159
0765 | 252901697
0766 | 251300640
0767 | 249698991
0768 | 248096755
0769 | 246493935
076A | 244890535
076B | 243286558
076C | 241682010
076D | 240076892
076E | 238471210
076F | 236864966
0770 | 235258165
0771 | 233650811
0772 | 232042906
0773 | 230434456
0774 | 228825464
0775 | 227215933
0776 | 225605867
0777 | 223995270
0778 | 222384147
0779 | 220772500
077A | 219160334
077B | 217547651
077C | 215934457
077D | 214320755
077E | 212706549
077F | 211091842
0780 | 209476638
0781 | 207860942
0782 | 206244756
0783 | 204628085
0784 | 203010932
0785 | 201393302
0786 | 199775198
0787 | 198156624
0788 | 196537583
0789 | 194918080
078A | 193298119
078B | 191677702
078C | 190056834
078D | 188435520
078E | 186813762
078F | 185191564
0790 | 183568930
0791 | 181945865
0792 | 180322371
0793 | 178698453
0794 | 177074115
0795 | 175449360
0796 | 173824192
0797 | 172198615
0798 | 170572633
0799 | 168946249
079A | 167319468
079B | 165692293
079C | 164064728
079D | 162436778
079E | 160808445
079F | 159179733
07A0 | 157550647
07A1 | 155921191
07A2 | 154291367
07A3 | 152661180
07A4 | 151030634
07A5 | 149399733
07A6 | 147768480
07A7 | 146136880
07A8 | 144504935
07A9 | 142872651
07AA | 141240030
07AB | 139607077
07AC | 137973796
07AD | 136340190
07AE | 134706263
07AF | 133072019
07B0 | 131437462
07B1 | 129802595
07B2 | 128167423
07B3 | 126531950
07B4 | 124896179
07B5 | 123260114
07B6 | 121623759
07B7 | 119987118
07B8 | 118350194
07B9 | 116712992
07BA | 115075515
07BB | 113437768
07BC | 111799753
07BD | 110161476
07BE | 108522939
07BF | 106884147
07C0 | 105245103
07C1 | 103605812
07C2 | 101966277
07C3 | 100326502
07C4 | 98686491
07C5 | 97046247
07C6 | 95405776
07C7 | 93765079
07C8 | 92124163
07C9 | 90483029
07CA | 88841683
07CB | 87200127
07CC | 85558366
07CD | 83916404
07CE | 82274245
07CF | 80631892
07D0 | 78989349
07D1 | 77346620
07D2 | 75703709
07D3 | 74060620
07D4 | 72417357
07D5 | 70773924
07D6 | 69130324
07D7 | 67486561
07D8 | 65842639
07D9 | 64198563
07DA | 62554335
07DB | 60909960
07DC | 59265442
07DD | 57620785
07DE | 55975992
07DF | 54331067
07E0 | 52686014
07E1 | 51040837
07E2 | 49395541
07E3 | 47750128
07E4 | 46104602
07E5 | 44458968
07E6 | 42813230
07E7 | 41167391
07E8 | 39521455
07E9 | 37875426
07EA | 36229307
07EB | 34583104
07EC | 32936819
07ED | 31290457
07EE | 29644021
07EF | 27997515
07F0 | 26350943
07F1 | 24704310
07F2 | 23057618
07F3 | 21410872
07F4 | 19764076
07F5 | 18117233
07F6 | 16470347
07F7 | 14823423
07F8 | 13176464
07F9 | 11529474
07FA | 9882456
07FB | 8235416
07FC | 6588356
07FD | 4941281
07FE | 3294193
07FF | 1647099
0800 | 0
0801 | -1647099
0802 | -3294193
0803 | -4941281
0804 | -6588356
0805 | -8235416
0806 | -9882456
0807 | -11529474
0808 | -13176464
0809 | -14823423
080A | -16470347
080B | -18117233
080C | -19764076
080D | -21410872
080E | -23057618
080F | -24704310
0810 | -26350943
0811 | -27997515
0812 | -29644021
0813 | -31290457
0814 | -32936819
0815 | -34583104
0816 | -36229307
0817 | -37875426
0818 | -39521455
0819 | -41167391
081A | -42813230
081B | -44458968
081C | -46104602
081D | -47750128
081E | -49395541
081F | -51040837
0820 | -52686014
0821 | -54331067
0822 | -55975992
0823 | -57620785
0824 | -59265442
0825 | -60909960
0826 | -62554335
0827 | -64198563
0828 | -65842639
0829 | -67486561
082A | -69130324
082B | -70773924
082C | -72417357
082D | -74060620
082E | -75703709
082F | -77346620
0830 | -78989349
0831 | -80631892
0832 | -82274245
0833 | -83916404
0834 | -85558366
0835 | -87200127
0836 | -88841683
0837 | -90483029
0838 | -92124163
0839 | -93765079
083A | -95405776
083B | -97046247
083C | -98686491
083D | -100326502
083E | -101966277
083F | -103605812
0840 | -105245103
0841 | -106884147
0842 | -108522939
0843 | -110161476
0844 | -111799753
0845 | -113437768
0846 | -115075515
0847 | -116712992
0848 | -118350194
0849 | -119987118
084A | -121623759
084B | -123260114
084C | -124896179
084D | -126531950
084E | -128167423
084F | -129802595
0850 | -131437462
0851 | -133072019
0852 | -134706263
0853 | -136340190
0854 | -137973796
0855 | -139607077
0856 | -141240030
0857 | -142872651
0858 | -144504935
0859 | -146136880
085A | -147768480
085B | -149399733
085C | -151030634
085D | -152661180
085E | -154291367
085F | -155921191
0860 | -157550647
0861 | -159179733
0862 | -160808445
0863 | -162436778
0864 | -164064728
0865 | -165692293
0866 | -167319468
0867 | -168946249
0868 | -170572633
0869 | -172198615
086A | -173824192
086B | -175449360
086C | -177074115
086D | -178698453
086E | -180322371
086F | -181945865
0870 | -183568930
0871 | -185191564
0872 | -186813762
0873 | -188435520
0874 | -190056834
0875 | -191677702
0876 | -193298119
0877 | -194918080
0878 | -196537583
0879 | -198156624
087A | -199775198
087B | -201393302
087C | -203010932
087D | -204628085
087E | -206244756
087F | -207860942
0880 | -209476638
0881 | -211091842
0882 | -212706549
0883 | -214320755
0884 | -215934457
0885 | -217547651
0886 | -219160334
0887 | -220772500
0888 | -222384147
0889 | -223995270
088A | -225605867
088B | -227215933
088C | -228825464
088D | -230434456
088E | -232042906
088F | -233650811
0890 | -235258165
0891 | -236864966
0892 | -238471210
0893 | -240076892
0894 | -241682010
0895 | -243286558
0896 | -244890535
0897 | -246493935
0898 | -248096755
0899 | -249698991
089A | -251300640
089B | -252901697
089C | -254502159
089D | -256102022
089E | -257701283
089F | -259299937
08A0 | -260897982
08A1 | -262495412
08A2 | -264092224
08A3 | -265688415
08A4 | -267283981
08A5 | -268878918
08A6 | -270473223
08A7 | -272066891
08A8 | -273659918
08A9 | -275252302
08AA | -276844038
08AB | -278435122
08AC | -280025552
08AD | -281615322
08AE | -283204430
08AF | -284792871
08B0 | -286380643
08B1 | -287967740
08B2 | -289554160
08B3 | -291139898
08B4 | -292724951
08B5 | -294309316
08B6 | -295892988
08B7 | -297475964
08B8 | -299058239
08B9 | -300639811
08BA | -302220676
08BB | -303800829
08BC | -305380268
08BD | -306958988
08BE | -308536985
08BF | -310114257
08C0 | -311690799
08C1 | -313266607
08C2 | -314841679
08C3 | -316416009
08C4 | -317989595
08C5 | -319562433
08C6 | -321134518
08C7 | -322705848
08C8 | -324276419
08C9 | -325846226
08CA | -327415267
08CB | -328983538
08CC | -330551034
08CD | -332117752
08CE | -333683689
08CF | -335248841
08D0 | -336813204
08D1 | -338376774
08D2 | -339939549
08D3 | -341501523
08D4 | -343062693
08D5 | -344623057
08D6 | -346182609
08D7 | -347741347
08D8 | -349299266
08D9 | -350856364
08DA | -352412636
08DB | -353968079
08DC | -355522689
08DD | -357076462
08DE | -358629395
08DF | -360181484
08E0 | -361732726
08E1 | -363283116
08E2 | -364832652
08E3 | -366381329
08E4 | -367929144
08E5 | -369476093
08E6 | -371022173
08E7 | -372567379
08E8 | -374111709
08E9 | -375655159
08EA | -377197725
08EB | -378739403
08EC | -380280190
08ED | -381820082
08EE | -383359076
08EF | -384897167
08F0 | -386434353
08F1 | -387970630
08F2 | -389505993
08F3 | -391040440
08F4 | -392573967
08F5 | -394106570
08F6 | -395638246
08F7 | -397168991
08F8 | -398698801
08F9 | -400227673
08FA | -401755603
08FB | -403282588
08FC | -404808624
08FD | -406333708
08FE | -407857835
08FF | -409381002
0900 | -410903207
0901 | -412424444
0902 | -413944711
0903 | -415464004
0904 | -416982319
0905 | -418499653
0906 | -420016002
0907 | -421531363
0908 | -423045732
0909 | -424559105
090A | -426071480
090B | -427582852
090C | -429093217
090D | -430602573
090E | -432110916
090F | -433618242
0910 | -435124548
0911 | -436629829
0912 | -438134084
0913 | -439637307
0914 | -441139496
0915 | -442640647
0916 | -444140756
0917 | -445639820
0918 | -447137835
0919 | -448634799
091A | -450130706
091B | -451625555
091C | -453119340
091D | -454612060
091E | -456103710
091F | -457594286
0920 | -459083786
0921 | -460572205
0922 | -462059541
0923 | -463545789
0924 | -465030947
0925 | -466515010
0926 | -467997976
0927 | -469479840
0928 | -470960600
0929 | -472440251
092A | -473918791
092B | -475396216
092C | -476872522
092D | -478347705
092E | -479821764
092F | -481294693
0930 | -482766489
0931 | -484237150
0932 | -485706671
0933 | -487175049
0934 | -488642281
0935 | -490108363
0936 | -491573292
0937 | -493037064
0938 | -494499676
0939 | -495961124
093A | -497421405
093B | -498880516
093C | -500338453
093D | -501795212
093E | -503250791
093F | -504705185
0940 | -506158392
0941 | -507610408
0942 | -509061229
0943 | -510510853
0944 | -511959275
0945 | -513406493
0946 | -514852502
0947 | -516297300
0948 | -517740883
0949 | -519183248
094A | -520624391
094B | -522064309
094C | -523502998
094D | -524940456
094E | -526376678
094F | -527811662
0950 | -529245404
0951 | -530677900
0952 | -532109148
0953 | -533539144
0954 | -534967884
0955 | -536395365
0956 | -537821584
0957 | -539246538
0958 | -540670223
0959 | -542092635
095A | -543513772
095B | -544933630
095C | -546352205
095D | -547769495
095E | -549185496
095F | -550600205
0960 | -552013618
0961 | -553425732
0962 | -554836544
0963 | -556246051
0964 | -557654248
0965 | -559061133
0966 | -560466703
0967 | -561870954
0968 | -563273883
0969 | -564675486
096A | -566075761
096B | -567474703
096C | -568872310
096D | -570268579
096E | -571663506
096F | -573057087
0970 | -574449320
0971 | -575840202
0972 | -577229728
0973 | -578617896
0974 | -580004702
0975 | -581390144
0976 | -582774218
0977 | -584156920
0978 | -585538248
0979 | -586918198
097A | -588296766
097B | -589673951
097C | -591049748
097D | -592424154
097E | -593797166
097F | -595168781
0980 | -596538995
0981 | -597907806
0982 | -599275210
0983 | -600641203
0984 | -602005783
0985 | -603368947
0986 | -604730691
0987 | -606091012
0988 | -607449906
0989 | -608807372
098A | -610163404
098B | -611518001
098C | -612871159
098D | -614222875
098E | -615573145
098F | -616921967
0990 | -618269338
0991 | -619615253
0992 | -620959711
0993 | -622302707
0994 | -623644239
0995 | -624984303
0996 | -626322897
0997 | -627660017
0998 | -628995660
0999 | -630329823
099A | -631662503
099B | -632993696
099C | -634323400
099D | -635651611
099E | -636978327
099F | -638303543
09A0 | -639627258
09A1 | -640949467
09A2 | -642270169
09A3 | -643589359
09A4 | -644907034
09A5 | -646223192
09A6 | -647537830
09A7 | -648850943
09A8 | -650162530
09A9 | -651472587
09AA | -652781111
09AB | -654088099
09AC | -655393548
09AD | -656697454
09AE | -657999816
09AF | -659300629
09B0 | -660599890
09B1 | -661897597
09B2 | -663193747
09B3 | -664488336
09B4 | -665781362
09B5 | -667072820
09B6 | -668362709
09B7 | -669651026
09B8 | -670937767
09B9 | -672222928
09BA | -673506508
09BB | -674788504
09BC | -676068911
09BD | -677347728
09BE | -678624950
09BF | -679900576
09C0 | -681174602
09C1 | -682447025
09C2 | -683717842
09C3 | -684987051
09C4 | -686254647
09C5 | -687520629
09C6 | -688784993
09C7 | -690047736
09C8 | -691308855
09C9 | -692568348
09CA | -693826211
09CB | -695082441
09CC | -696337036
09CD | -697589992
09CE | -698841307
09CF | -700090977
09D0 | -701339000
09D1 | -702585372
09D2 | -703830092
09D3 | -705073155
09D4 | -706314559
09D5 | -707554301
09D6 | -708792378
09D7 | -710028787
09D8 | -711263525
09D9 | -712496590
09DA | -713727978
09DB | -714957687
09DC | -716185713
09DD | -717412054
09DE | -718636707
09DF | -719859669
09E0 | -721080937
09E1 | -722300508
09E2 | -723518380
09E3 | -724734549
09E4 | -725949013
09E5 | -727161768
09E6 | -728372813
09E7 | -729582143
09E8 | -730789757
09E9 | -731995651
09EA | -733199822
09EB | -734402269
09EC | -735602987
09ED | -736801974
09EE | -737999228
09EF | -739194745
09F0 | -740388522
09F1 | -741580558
09F2 | -742770848
09F3 | -743959390
09F4 | -745146182
09F5 | -746331221
09F6 | -747514503
09F7 | -748696026
09F8 | -749875788
09F9 | -751053785
09FA | -752230015
09FB | -753404474
09FC | -754577161
09FD | -755748072
09FE | -756917205
09FF | -758084557
0A00 | -759250125
0A01 | -760413906
0A02 | -761575898
0A03 | -762736098
0A04 | -763894504
0A05 | -765051111
0A06 | -766205919
0A07 | -767358923
0A08 | -768510122
0A09 | -769659512
0A0A | -770807092
0A0B | -771952857
0A0C | -773096806
0A0D | -774238936
0A0E | -775379244
0A0F | -776517728
0A10 | -777654384
0A11 | -778789210
0A12 | -779922204
0A13 | -781053363
0A14 | -782182683
0A15 | -783310163
0A16 | -784435800
0A17 | -785559591
0A18 | -786681534
0A19 | -787801625
0A1A | -788919863
0A1B | -790036244
0A1C | -791150767
0A1D | -792263427
0A1E | -793374223
0A1F | -794483153
0A20 | -795590213
0A21 | -796695401
0A22 | -797798714
0A23 | -798900150
0A24 | -799999706
0A25 | -801097379
0A26 | -802193167
0A27 | -803287068
0A28 | -804379079
0A29 | -805469196
0A2A | -806557419
0A2B | -807643743
0A2C | -808728167
0A2D | -809810688
0A2E | -810891304
0A2F | -811970011
0A30 | -813046808
0A31 | -814121692
0A32 | -815194659
0A33 | -816265709
0A34 | -817334838
0A35 | -818402043
0A36 | -819467323
0A37 | -820530675
0A38 | -821592095
0A39 | -822651583
0A3A | -823709135
0A3B | -824764748
0A3C | -825818421
0A3D | -826870150
0A3E | -827919934
0A3F | -828967769
0A40 | -830013654
0A41 | -831057586
0A42 | -832099562
0A43 | -833139580
0A44 | -834177638
0A45 | -835213733
0A46 | -836247863
0A47 | -837280024
0A48 | -838310216
0A49 | -839338435
0A4A | -840364679
0A4B | -841388945
0A4C | -842411232
0A4D | -843431536
0A4E | -844449856
0A4F | -845466188
0A50 | -846480531
0A51 | -847492882
0A52 | -848503239
0A53 | -849511600
0A54 | -850517961
0A55 | -851522321
0A56 | -852524677
0A57 | -853525028
0A58 | -854523370
0A59 | -855519701
0A5A | -856514019
0A5B | -857506321
0A5C | -858496606
0A5D | -859484870
0A5E | -860471112
0A5F | -861455330
0A60 | -862437520
0A61 | -863417681
0A62 | -864395810
0A63 | -865371905
0A64 | -866345964
0A65 | -867317984
0A66 | -868287963
0A67 | -869255900
0A68 | -870221790
0A69 | -871185633
0A6A | -872147426
0A6B | -873107167
0A6C | -874064853
0A6D | -875020483
0A6E | -875974054
0A6F | -876925563
0A70 | -877875009
0A71 | -878822389
0A72 | -879767701
0A73 | -880710943
0A74 | -881652112
0A75 | -882591207
0A76 | -883528225
0A77 | -884463164
0A78 | -885396022
0A79 | -886326796
0A7A | -887255485
0A7B | -888182086
0A7C | -889106597
0A7D | -890029016
0A7E | -890949341
0A7F | -891867569
0A80 | -892783698
0A81 | -893697727
0A82 | -894609652
0A83 | -895519473
0A84 | -896427186
0A85 | -897332790
0A86 | -898236282
0A87 | -899137661
0A88 | -900036924
0A89 | -900934069
0A8A | -901829095
0A8B | -902721998
0A8C | -903612776
0A8D | -904501429
0A8E | -905387953
0A8F | -906272347
0A90 | -907154608
0A91 | -908034735
0A92 | -908912725
0A93 | -909788576
0A94 | -910662286
0A95 | -911533853
0A96 | -912403276
0A97 | -913270551
0A98 | -914135678
0A99 | -914998653
0A9A | -915859476
0A9B | -916718143
0A9C | -917574653
0A9D | -918429004
0A9E | -919281194
0A9F | -920131221
0AA0 | -920979082
0AA1 | -921824777
0AA2 | -922668302
0AA3 | -923509656
0AA4 | -924348837
0AA5 | -925185843
0AA6 | -926020672
0AA7 | -926853322
0AA8 | -927683790
0AA9 | -928512076
0AAA | -929338177
0AAB | -930162092
0AAC | -930983817
0AAD | -931803352
0AAE | -932620694
0AAF | -933435842
0AB0 | -934248793
0AB1 | -935059546
0AB2 | -935868098
0AB3 | -936674448
0AB4 | -937478595
0AB5 | -938280535
0AB6 | -939080267
0AB7 | -939877790
0AB8 | -940673101
0AB9 | -941466198
0ABA | -942257081
0ABB | -943045745
0ABC | -943832191
0ABD | -944616416
0ABE | -945398418
0ABF | -946178196
0AC0 | -946955747
0AC1 | -947731070
0AC2 | -948504163
0AC3 | -949275023
0AC4 | -950043650
0AC5 | -950810042
0AC6 | -951574196
0AC7 | -952336111
0AC8 | -953095785
0AC9 | -953853216
0ACA | -954608403
0ACB | -955361344
0ACC | -956112036
0ACD | -956860479
0ACE | -957606670
0ACF | -958350608
0AD0 | -959092290
0AD1 | -959831716
0AD2 | -960568883
0AD3 | -961303790
0AD4 | -962036435
0AD5 | -962766816
0AD6 | -963494932
0AD7 | -964220780
0AD8 | -964944360
0AD9 | -965665669
0ADA | -966384706
0ADB | -967101468
0ADC | -967815955
0ADD | -968528165
0ADE | -969238095
0ADF | -969945745
0AE0 | -970651112
0AE1 | -971354196
0AE2 | -972054994
0AE3 | -972753504
0AE4 | -973449725
0AE5 | -974143656
0AE6 | -974835295
0AE7 | -975524639
0AE8 | -976211688
0AE9 | -976896441
0AEA | -977578894
0AEB | -978259047
0AEC | -978936898
0AED | -979612445
0AEE | -980285688
0AEF | -980956623
0AF0 | -981625251
0AF1 | -982291568
0AF2 | -982955574
0AF3 | -983617267
0AF4 | -984276646
0AF5 | -984933708
0AF6 | -985588453
0AF7 | -986240879
0AF8 | -986890984
0AF9 | -987538766
0AFA | -988184225
0AFB | -988827359
0AFC | -989468165
0AFD | -990106644
0AFE | -990742793
0AFF | -991376610
0B00 | -992008094
0B01 | -992637245
0B02 | -993264059
0B03 | -993888536
0B04 | -994510675
0B05 | -995130473
0B06 | -995747930
0B07 | -996363043
0B08 | -996975812
0B09 | -997586236
0B0A | -998194311
0B0B | -998800038
0B0C | -999403415
0B0D | -1000004439
0B0E | -1000603111
0B0F | -1001199428
0B10 | -1001793390
0B11 | -1002384994
0B12 | -1002974239
0B13 | -1003561124
0B14 | -1004145648
0B15 | -1004727809
0B16 | -1005307605
0B17 | -1005885036
0B18 | -1006460100
0B19 | -1007032796
0B1A | -1007603122
0B1B | -1008171077
0B1C | -1008736660
0B1D | -1009299870
0B1E | -1009860704
0B1F | -1010419162
0B20 | -1010975242
0B21 | -1011528943
0B22 | -1012080264
0B23 | -1012629204
0B24 | -1013175761
0B25 | -1013719934
0B26 | -1014261721
0B27 | -1014801122
0B28 | -1015338134
0B29 | -1015872758
0B2A | -1016404991
0B2B | -1016934832
0B2C | -1017462281
0B2D | -1017987335
0B2E | -1018509994
0B2F | -1019030256
0B30 | -1019548121
0B31 | -1020063586
0B32 | -1020576651
0B33 | -1021087314
0B34 | -1021595575
0B35 | -1022101432
0B36 | -1022604883
0B37 | -1023105929
0B38 | -1023604567
0B39 | -1024100796
0B3A | -1024594615
0B3B | -1025086024
0B3C | -1025575020
0B3D | -1026061603
0B3E | -1026545772
0B3F | -1027027525
0B40 | -1027506862
0B41 | -1027983780
0B42 | -1028458280
0B43 | -1028930359
0B44 | -1029400018
0B45 | -1029867254
0B46 | -1030332067
0B47 | -1030794455
0B48 | -1031254418
0B49 | -1031711954
0B4A | -1032167062
0B4B | -1032619742
0B4C | -1033069992
0B4D | -1033517810
0B4E | -1033963197
0B4F | -1034406151
0B50 | -1034846671
0B51 | -1035284755
0B52 | -1035720404
0B53 | -1036153615
0B54 | -1036584389
0B55 | -1037012723
0B56 | -1037438617
0B57 | -1037862069
0B58 | -1038283080
0B59 | -1038701647
0B5A | -1039117770
0B5B | -1039531448
0B5C | -1039942680
0B5D | -1040351465
0B5E | -1040757802
0B5F | -1041161689
0B60 | -1041563127
0B61 | -1041962114
0B62 | -1042358649
0B63 | -1042752731
0B64 | -1043144360
0B65 | -1043533534
0B66 | -1043920252
0B67 | -1044304514
0B68 | -1044686319
0B69 | -1045065665
0B6A | -1045442553
0B6B | -1045816980
0B6C | -1046188946
0B6D | -1046558451
0B6E | -1046925492
0B6F | -1047290071
0B70 | -1047652185
0B71 | -1048011834
0B72 | -1048369016
0B73 | -1048723732
0B74 | -1049075980
0B75 | -1049425759
0B76 | -1049773069
0B77 | -1050117909
0B78 | -1050460278
0B79 | -1050800175
0B7A | -1051137599
0B7B | -1051472550
0B7C | -1051805027
0B7D | -1052135029
0B7E | -1052462555
0B7F | -1052787604
0B80 | -1053110176
0B81 | -1053430270
0B82 | -1053747885
0B83 | -1054063021
0B84 | -1054375676
0B85 | -1054685850
0B86 | -1054993543
0B87 | -1055298753
0B88 | -1055601479
0B89 | -1055901722
0B8A | -1056199480
0B8B | -1056494753
0B8C | -1056787540
0B8D | -1057077840
0B8E | -1057365653
0B8F | -1057650977
0B90 | -1057933813
0B91 | -1058214159
0B92 | -1058492016
0B93 | -1058767381
0B94 | -1059040255
0B95 | -1059310638
0B96 | -1059578527
0B97 | -1059843923
0B98 | -1060106826
0B99 | -1060367233
0B9A | -1060625146
0B9B | -1060880563
0B9C | -1061133483
0B9D | -1061383907
0B9E | -1061631833
0B9F | -1061877261
0BA0 | -1062120190
0BA1 | -1062360620
0BA2 | -1062598550
0BA3 | -1062833980
0BA4 | -1063066909
0BA5 | -1063297336
0BA6 | -1063525261
0BA7 | -1063750684
0BA8 | -1063973603
0BA9 | -1064194019
0BAA | -1064411931
0BAB | -1064627338
0BAC | -1064840240
0BAD | -1065050636
0BAE | -1065258526
0BAF | -1065463909
0BB0 | -1065666786
0BB1 | -1065867154
0BB2 | -1066065015
0BB3 | -1066260367
0BB4 | -1066453210
0BB5 | -1066643544
0BB6 | -1066831367
0BB7 | -1067016680
0BB8 | -1067199483
0BB9 | -1067379774
0BBA | -1067557554
0BBB | -1067732821
0BBC | -1067905576
0BBD | -1068075818
0BBE | -1068243547
0BBF | -1068408763
0BC0 | -1068571464
0BC1 | -1068731650
0BC2 | -1068889322
0BC3 | -1069044479
0BC4 | -1069197120
0BC5 | -1069347245
0BC6 | -1069494854
0BC7 | -1069639946
0BC8 | -1069782521
0BC9 | -1069922579
0BCA | -1070060120
0BCB | -1070195142
0BCC | -1070327646
0BCD | -1070457632
0BCE | -1070585099
0BCF | -1070710046
0BD0 | -1070832474
0BD1 | -1070952382
0BD2 | -1071069770
0BD3 | -1071184638
0BD4 | -1071296985
0BD5 | -1071406812
0BD6 | -1071514117
0BD7 | -1071618901
0BD8 | -1071721163
0BD9 | -1071820903
0BDA | -1071918122
0BDB | -1072012818
0BDC | -1072104991
0BDD | -1072194642
0BDE | -1072281769
0BDF | -1072366374
0BE0 | -1072448455
0BE1 | -1072528012
0BE2 | -1072605046
0BE3 | -1072679556
0BE4 | -1072751542
0BE5 | -1072821003
0BE6 | -1072887940
0BE7 | -1072952352
0BE8 | -1073014240
0BE9 | -1073073603
0BEA | -1073130440
0BEB | -1073184753
0BEC | -1073236540
0BED | -1073285802
0BEE | -1073332538
0BEF | -1073376748
0BF0 | -1073418433
0BF1 | -1073457592
0BF2 | -1073494225
0BF3 | -1073528332
0BF4 | -1073559913
0BF5 | -1073588967
0BF6 | -1073615496
0BF7 | -1073639498
0BF8 | -1073660973
0BF9 | -1073679922
0BFA | -1073696345
0BFB | -1073710241
0BFC | -1073721611
0BFD | -1073730454
0BFE | -1073736771
0BFF | -1073740561
0C00 | -1073741824
0C01 | -1073740561
0C02 | -1073736771
0C03 | -1073730454
0C04 | -1073721611
0C05 | -1073710241
0C06 | -1073696345
0C07 | -1073679922
0C08 | -1073660973
0C09 | -1073639498
0C0A | -1073615496
0C0B | -1073588967
0C0C | -1073559913
0C0D | -1073528332
0C0E | -1073494225
0C0F | -1073457592
0C10 | -1073418433
0C11 | -1073376748
0C12 | -1073332538
0C13 | -1073285802
0C14 | -1073236540
0C15 | -1073184753
0C16 | -1073130440
0C17 | -1073073603
0C18 | -1073014240
0C19 | -1072952352
0C1A | -1072887940
0C1B | -1072821003
0C1C | -1072751542
0C1D | -1072679556
0C1E | -1072605046
0C1F | -1072528012
0C20 | -1072448455
0C21 | -1072366374
0C22 | -1072281769
0C23 | -1072194642
0C24 | -1072104991
0C25 | -1072012818
0C26 | -1071918122
0C27 | -1071820903
0C28 | -1071721163
0C29 | -1071618901
0C2A | -1071514117
0C2B | -1071406812
0C2C | -1071296985
0C2D | -1071184638
0C2E | -1071069770
0C2F | -1070952382
0C30 | -1070832474
0C31 | -1070710046
0C32 | -1070585099
0C33 | -1070457632
0C34 | -1070327646
0C35 | -1070195142
0C36 | -1070060120
0C37 | -1069922579
0C38 | -1069782521
0C39 | -1069639946
0C3A | -1069494854
0C3B | -1069347245
0C3C | -1069197120
0C3D | -1069044479
0C3E | -1068889322
0C3F | -1068731650
0C40 | -1068571464
0C41 | -1068408763
0C42 | -1068243547
0C43 | -1068075818
0C44 | -1067905576
0C45 | -1067732821
0C46 | -1067557554
0C47 | -1067379774
0C48 | -1067199483
0C49 | -1067016680
0C4A | -1066831367
0C4B | -1066643544
0C4C | -1066453210
0C4D | -1066260367
0C4E | -1066065015
0C4F | -1065867154
0C50 | -1065666786
0C51 | -1065463909
0C52 | -1065258526
0C53 | -1065050636
0C54 | -1064840240
0C55 | -1064627338
0C56 | -1064411931
0C57 | -1064194019
0C58 | -1063973603
0C59 | -1063750684
0C5A | -1063525261
0C5B | -1063297336
0C5C | -1063066909
0C5D | -1062833980
0C5E | -1062598550
0C5F | -1062360620
0C60 | -1062120190
0C61 | -1061877261
0C62 | -1061631833
0C63 | -1061383907
0C64 | -1061133483
0C65 | -1060880563
0C66 | -1060625146
0C67 | -1060367233
0C68 | -1060106826
0C69 | -1059843923
0C6A | -1059578527
0C6B | -1059310638
0C6C | -1059040255
0C6D | -1058767381
0C6E | -1058492016
0C6F | -1058214159
0C70 | -1057933813
0C71 | -1057650977
0C72 | -1057365653
0C73 | -1057077840
0C74 | -1056787540
0C75 | -1056494753
0C76 | -1056199480
0C77 | -1055901722
0C78 | -1055601479
0C79 | -1055298753
0C7A | -1054993543
0C7B | -1054685850
0C7C | -1054375676
0C7D | -1054063021
0C7E | -1053747885
0C7F | -1053430270
0C80 | -1053110176
0C81 | -1052787604
0C82 | -1052462555
0C83 | -1052135029
0C84 | -1051805027
0C85 | -1051472550
0C86 | -1051137599
0C87 | -1050800175
0C88 | -1050460278
0C89 | -1050117909
0C8A | -1049773069
0C8B | -1049425759
0C8C | -1049075980
0C8D | -1048723732
0C8E | -1048369016
0C8F | -1048011834
0C90 | -1047652185
0C91 | -1047290071
0C92 | -1046925492
0C93 | -1046558451
0C94 | -1046188946
0C95 | -1045816980
0C96 | -1045442553
0C97 | -1045065665
0C98 | -1044686319
0C99 | -1044304514
0C9A | -1043920252
0C9B | -1043533534
0C9C | -1043144360
0C9D | -1042752731
0C9E | -1042358649
0C9F | -1041962114
0CA0 | -1041563127
0CA1 | -1041161689
0CA2 | -1040757802
0CA3 | -1040351465
0CA4 | -1039942680
0CA5 | -1039531448
0CA6 | -1039117770
0CA7 | -1038701647
0CA8 | -1038283080
0CA9 | -1037862069
0CAA | -1037438617
0CAB | -1037012723
0CAC | -1036584389
0CAD | -1036153615
0CAE | -1035720404
0CAF | -1035284755
0CB0 | -1034846671
0CB1 | -1034406151
0CB2 | -1033963197
0CB3 | -1033517810
0CB4 | -1033069992
0CB5 | -1032619742
0CB6 | -1032167062
0CB7 | -1031711954
0CB8 | -1031254418
0CB9 | -1030794455
0CBA | -1030332067
0CBB | -1029867254
0CBC | -1029400018
0CBD | -1028930359
0CBE | -1028458280
0CBF | -1027983780
0CC0 | -1027506862
0CC1 | -1027027525
0CC2 | -1026545772
0CC3 | -1026061603
0CC4 | -1025575020
0CC5 | -1025086024
0CC6 | -1024594615
0CC7 | -1024100796
0CC8 | -1023604567
0CC9 | -1023105929
0CCA | -1022604883
0CCB | -1022101432
0CCC | -1021595575
0CCD | -1021087314
0CCE | -1020576651
0CCF | -1020063586
0CD0 | -1019548121
0CD1 | -1019030256
0CD2 | -1018509994
0CD3 | -1017987335
0CD4 | -1017462281
0CD5 | -1016934832
0CD6 | -1016404991
0CD7 | -1015872758
0CD8 | -1015338134
0CD9 | -1014801122
0CDA | -1014261721
0CDB | -1013719934
0CDC | -1013175761
0CDD | -1012629204
0CDE | -1012080264
0CDF | -1011528943
0CE0 | -1010975242
0CE1 | -1010419162
0CE2 | -1009860704
0CE3 | -1009299870
0CE4 | -1008736660
0CE5 | -1008171077
0CE6 | -1007603122
0CE7 | -1007032796
0CE8 | -1006460100
0CE9 | -1005885036
0CEA | -1005307605
0CEB | -1004727809
0CEC | -1004145648
0CED | -1003561124
0CEE | -1002974239
0CEF | -1002384994
0CF0 | -1001793390
0CF1 | -1001199428
0CF2 | -1000603111
0CF3 | -1000004439
0CF4 | -999403415
0CF5 | -998800038
0CF6 | -998194311
0CF7 | -997586236
0CF8 | -996975812
0CF9 | -996363043
0CFA | -995747930
0CFB | -995130473
0CFC | -994510675
0CFD | -993888536
0CFE | -993264059
0CFF | -992637245
0D00 | -992008094
0D01 | -991376610
0D02 | -990742793
0D03 | -990106644
0D04 | -989468165
0D05 | -988827359
0D06 | -988184225
0D07 | -987538766
0D08 | -986890984
0D09 | -986240879
0D0A | -985588453
0D0B | -984933708
0D0C | -984276646
0D0D | -983617267
0D0E | -982955574
0D0F | -982291568
0D10 | -981625251
0D11 | -980956623
0D12 | -980285688
0D13 | -979612445
0D14 | -978936898
0D15 | -978259047
0D16 | -977578894
0D17 | -976896441
0D18 | -976211688
0D19 | -975524639
0D1A | -974835295
0D1B | -974143656
0D1C | -973449725
0D1D | -972753504
0D1E | -972054994
0D1F | -971354196
0D20 | -970651112
0D21 | -969945745
0D22 | -969238095
0D23 | -968528165
0D24 | -967815955
0D25 | -967101468
0D26 | -966384706
0D27 | -965665669
0D28 | -964944360
0D29 | -964220780
0D2A | -963494932
0D2B | -962766816
0D2C | -962036435
0D2D | -961303790
0D2E | -960568883
0D2F | -959831716
0D30 | -959092290
0D31 | -958350608
0D32 | -957606670
0D33 | -956860479
0D34 | -956112036
0D35 | -955361344
0D36 | -954608403
0D37 | -953853216
0D38 | -953095785
0D39 | -952336111
0D3A | -951574196
0D3B | -950810042
0D3C | -950043650
0D3D | -949275023
0D3E | -948504163
0D3F | -947731070
0D40 | -946955747
0D41 | -946178196
0D42 | -945398418
0D43 | -944616416
0D44 | -943832191
0D45 | -943045745
0D46 | -942257081
0D47 | -941466198
0D48 | -940673101
0D49 | -939877790
0D4A | -939080267
0D4B | -938280535
0D4C | -937478595
0D4D | -936674448
0D4E | -935868098
0D4F | -935059546
0D50 | -934248793
0D51 | -933435842
0D52 | -932620694
0D53 | -931803352
0D54 | -930983817
0D55 | -930162092
0D56 | -929338177
0D57 | -928512076
0D58 | -927683790
0D59 | -926853322
0D5A | -926020672
0D5B | -925185843
0D5C | -924348837
0D5D | -923509656
0D5E | -922668302
0D5F | -921824777
0D60 | -920979082
0D61 | -920131221
0D62 | -919281194
0D63 | -918429004
0D64 | -917574653
0D65 | -916718143
0D66 | -915859476
0D67 | -914998653
0D68 | -914135678
0D69 | -913270551
0D6A | -912403276
0D6B | -911533853
0D6C | -910662286
0D6D | -909788576
0D6E | -908912725
0D6F | -908034735
0D70 | -907154608
0D71 | -906272347
0D72 | -905387953
0D73 | -904501429
0D74 | -903612776
0D75 | -902721998
0D76 | -901829095
0D77 | -900934069
0D78 | -900036924
0D79 | -899137661
0D7A | -898236282
0D7B | -897332790
0D7C | -896427186
0D7D | -895519473
0D7E | -894609652
0D7F | -893697727
0D80 | -892783698
0D81 | -891867569
0D82 | -890949341
0D83 | -890029016
0D84 | -889106597
0D85 | -888182086
0D86 | -887255485
0D87 | -886326796
0D88 | -885396022
0D89 | -884463164
0D8A | -883528225
0D8B | -882591207
0D8C | -881652112
0D8D | -880710943
0D8E | -879767701
0D8F | -878822389
0D90 | -877875009
0D91 | -876925563
0D92 | -875974054
0D93 | -875020483
0D94 | -874064853
0D95 | -873107167
0D96 | -872147426
0D97 | -871185633
0D98 | -870221790
0D99 | -869255900
0D9A | -868287963
0D9B | -867317984
0D9C | -866345964
0D9D | -865371905
0D9E | -864395810
0D9F | -863417681
0DA0 | -862437520
0DA1 | -861455330
0DA2 | -860471112
0DA3 | -859484870
0DA4 | -858496606
0DA5 | -857506321
0DA6 | -856514019
0DA7 | -855519701
0DA8 | -854523370
0DA9 | -853525028
0DAA | -852524677
0DAB | -851522321
0DAC | -850517961
0DAD | -849511600
0DAE | -848503239
0DAF | -847492882
0DB0 | -846480531
0DB1 | -845466188
0DB2 | -844449856
0DB3 | -843431536
0DB4 | -842411232
0DB5 | -841388945
0DB6 | -840364679
0DB7 | -839338435
0DB8 | -838310216
0DB9 | -837280024
0DBA | -836247863
0DBB | -835213733
0DBC | -834177638
0DBD | -833139580
0DBE | -832099562
0DBF | -831057586
0DC0 | -830013654
0DC1 | -828967769
0DC2 | -827919934
0DC3 | -826870150
0DC4 | -825818421
0DC5 | -824764748
0DC6 | -823709135
0DC7 | -822651583
0DC8 | -821592095
0DC9 | -820530675
0DCA | -819467323
0DCB | -818402043
0DCC | -817334838
0DCD | -816265709
0DCE | -815194659
0DCF | -814121692
0DD0 | -813046808
0DD1 | -811970011
0DD2 | -810891304
0DD3 | -809810688
0DD4 | -808728167
0DD5 | -807643743
0DD6 | -806557419
0DD7 | -805469196
0DD8 | -804379079
0DD9 | -803287068
0DDA | -802193167
0DDB | -801097379
0DDC | -799999706
0DDD | -798900150
0DDE | -797798714
0DDF | -796695401
0DE0 | -795590213
0DE1 | -794483153
0DE2 | -793374223
0DE3 | -792263427
0DE4 | -791150767
0DE5 | -790036244
0DE6 | -788919863
0DE7 | -787801625
0DE8 | -786681534
0DE9 | -785559591
0DEA | -784435800
0DEB | -783310163
0DEC | -782182683
0DED | -781053363
0DEE | -779922204
0DEF | -778789210
0DF0 | -777654384
0DF1 | -776517728
0DF2 | -775379244
0DF3 | -774238936
0DF4 | -773096806
0DF5 | -771952857
0DF6 | -770807092
0DF7 | -769659512
0DF8 | -768510122
0DF9 | -767358923
0DFA | -766205919
0DFB | -765051111
0DFC | -763894504
0DFD | -762736098
0DFE | -761575898
0DFF | -760413906
0E00 | -759250125
0E01 | -758084557
0E02 | -756917205
0E03 | -755748072
0E04 | -754577161
0E05 | -753404474
0E06 | -752230015
0E07 | -751053785
0E08 | -749875788
0E09 | -748696026
0E0A | -747514503
0E0B | -746331221
0E0C | -745146182
0E0D | -743959390
0E0E | -742770848
0E0F | -741580558
0E10 | -740388522
0E11 | -739194745
0E12 | -737999228
0E13 | -736801974
0E14 | -735602987
0E15 | -734402269
0E16 | -733199822
0E17 | -731995651
0E18 | -730789757
0E19 | -729582143
0E1A | -728372813
0E1B | -727161768
0E1C | -725949013
0E1D | -724734549
0E1E | -723518380
0E1F | -722300508
0E20 | -721080937
0E21 | -719859669
0E22 | -718636707
0E23 | -717412054
0E24 | -716185713
0E25 | -714957687
0E26 | -713727978
0E27 | -712496590
0E28 | -711263525
0E29 | -710028787
0E2A | -708792378
0E2B | -707554301
0E2C | -706314559
0E2D | -705073155
0E2E | -703830092
0E2F | -702585372
0E30 | -701339000
0E31 | -700090977
0E32 | -698841307
0E33 | -697589992
0E34 | -696337036
0E35 | -695082441
0E36 | -693826211
0E37 | -692568348
0E38 | -691308855
0E39 | -690047736
0E3A | -688784993
0E3B | -687520629
0E3C | -686254647
0E3D | -684987051
0E3E | -683717842
0E3F | -682447025
0E40 | -681174602
0E41 | -679900576
0E42 | -678624950
0E43 | -677347728
0E44 | -676068911
0E45 | -674788504
0E46 | -673506508
0E47 | -672222928
0E48 | -670937767
0E49 | -669651026
0E4A | -668362709
0E4B | -667072820
0E4C | -665781362
0E4D | -664488336
0E4E | -663193747
0E4F | -661897597
0E50 | -660599890
0E51 | -659300629
0E52 | -657999816
0E53 | -656697454
0E54 | -655393548
0E55 | -654088099
0E56 | -652781111
0E57 | -651472587
0E58 | -650162530
0E59 | -648850943
0E5A | -647537830
0E5B | -646223192
0E5C | -644907034
0E5D | -643589359
0E5E | -642270169
0E5F | -640949467
0E60 | -639627258
0E61 | -638303543
0E62 | -636978327
0E63 | -635651611
0E64 | -634323400
0E65 | -632993696
0E66 | -631662503
0E67 | -630329823
0E68 | -628995660
0E69 | -627660017
0E6A | -626322897
0E6B | -624984303
0E6C | -623644239
0E6D | -622302707
0E6E | -620959711
0E6F | -619615253
0E70 | -618269338
0E71 | -616921967
0E72 | -615573145
0E73 | -614222875
0E74 | -612871159
0E75 | -611518001
0E76 | -610163404
0E77 | -608807372
0E78 | -607449906
0E79 | -606091012
0E7A | -604730691
0E7B | -603368947
0E7C | -602005783
0E7D | -600641203
0E7E | -599275210
0E7F | -597907806
0E80 | -596538995
0E81 | -595168781
0E82 | -593797166
0E83 | -592424154
0E84 | -591049748
0E85 | -589673951
0E86 | -588296766
0E87 | -586918198
0E88 | -585538248
0E89 | -584156920
0E8A | -582774218
0E8B | -581390144
0E8C | -580004702
0E8D | -578617896
0E8E | -577229728
0E8F | -575840202
0E90 | -574449320
0E91 | -573057087
0E92 | -571663506
0E93 | -570268579
0E94 | -568872310
0E95 | -567474703
0E96 | -566075761
0E97 | -564675486
0E98 | -563273883
0E99 | -561870954
0E9A | -560466703
0E9B | -559061133
0E9C | -557654248
0E9D | -556246051
0E9E | -554836544
0E9F | -553425732
0EA0 | -552013618
0EA1 | -550600205
0EA2 | -549185496
0EA3 | -547769495
0EA4 | -546352205
0EA5 | -544933630
0EA6 | -543513772
0EA7 | -542092635
0EA8 | -540670223
0EA9 | -539246538
0EAA | -537821584
0EAB | -536395365
0EAC | -534967884
0EAD | -533539144
0EAE | -532109148
0EAF | -530677900
0EB0 | -529245404
0EB1 | -527811662
0EB2 | -526376678
0EB3 | -524940456
0EB4 | -523502998
0EB5 | -522064309
0EB6 | -520624391
0EB7 | -519183248
0EB8 | -517740883
0EB9 | -516297300
0EBA | -514852502
0EBB | -513406493
0EBC | -511959275
0EBD | -510510853
0EBE | -509061229
0EBF | -507610408
0EC0 | -506158392
0EC1 | -504705185
0EC2 | -503250791
0EC3 | -501795212
0EC4 | -500338453
0EC5 | -498880516
0EC6 | -497421405
0EC7 | -495961124
0EC8 | -494499676
0EC9 | -493037064
0ECA | -491573292
0ECB | -490108363
0ECC | -488642281
0ECD | -487175049
0ECE | -485706671
0ECF | -484237150
0ED0 | -482766489
0ED1 | -481294693
0ED2 | -479821764
0ED3 | -478347705
0ED4 | -476872522
0ED5 | -475396216
0ED6 | -473918791
0ED7 | -472440251
0ED8 | -470960600
0ED9 | -469479840
0EDA | -467997976
0EDB | -466515010
0EDC | -465030947
0EDD | -463545789
0EDE | -462059541
0EDF | -460572205
0EE0 | -459083786
0EE1 | -457594286
0EE2 | -456103710
0EE3 | -454612060
0EE4 | -453119340
0EE5 | -451625555
0EE6 | -450130706
0EE7 | -448634799
0EE8 | -447137835
0EE9 | -445639820
0EEA | -444140756
0EEB | -442640647
0EEC | -441139496
0EED | -439637307
0EEE | -438134084
0EEF | -436629829
0EF0 | -435124548
0EF1 | -433618242
0EF2 | -432110916
0EF3 | -430602573
0EF4 | -429093217
0EF5 | -427582852
0EF6 | -426071480
0EF7 | -424559105
0EF8 | -423045732
0EF9 | -421531363
0EFA | -420016002
0EFB | -418499653
0EFC | -416982319
0EFD | -415464004
0EFE | -413944711
0EFF | -412424444
0F00 | -410903207
0F01 | -409381002
0F02 | -407857835
0F03 | -406333708
0F04 | -404808624
0F05 | -403282588
0F06 | -401755603
0F07 | -400227673
0F08 | -398698801
0F09 | -397168991
0F0A | -395638246
0F0B | -394106570
0F0C | -392573967
0F0D | -391040440
0F0E | -389505993
0F0F | -387970630
0F10 | -386434353
0F11 | -384897167
0F12 | -383359076
0F13 | -381820082
0F14 | -380280190
0F15 | -378739403
0F16 | -377197725
0F17 | -375655159
0F18 | -374111709
0F19 | -372567379
0F1A | -371022173
0F1B | -369476093
0F1C | -367929144
0F1D | -366381329
0F1E | -364832652
0F1F | -363283116
0F20 | -361732726
0F21 | -360181484
0F22 | -358629395
0F23 | -357076462
0F24 | -355522689
0F25 | -353968079
0F26 | -352412636
0F27 | -350856364
0F28 | -349299266
0F29 | -347741347
0F2A | -346182609
0F2B | -344623057
0F2C | -343062693
0F2D | -341501523
0F2E | -339939549
0F2F | -338376774
0F30 | -336813204
0F31 | -335248841
0F32 | -333683689
0F33 | -332117752
0F34 | -330551034
0F35 | -328983538
0F36 | -327415267
0F37 | -325846226
0F38 | -324276419
0F39 | -322705848
0F3A | -321134518
0F3B | -319562433
0F3C | -317989595
0F3D | -316416009
0F3E | -314841679
0F3F | -313266607
0F40 | -311690799
0F41 | -310114257
0F42 | -308536985
0F43 | -306958988
0F44 | -305380268
0F45 | -303800829
0F46 | -302220676
0F47 | -300639811
0F48 | -299058239
0F49 | -297475964
0F4A | -295892988
0F4B | -294309316
0F4C | -292724951
0F4D | -291139898
0F4E | -289554160
0F4F | -287967740
0F50 | -286380643
0F51 | -284792871
0F52 | -283204430
0F53 | -281615322
0F54 | -280025552
0F55 | -278435122
0F56 | -276844038
0F57 | -275252302
0F58 | -273659918
0F59 | -272066891
0F5A | -270473223
0F5B | -268878918
0F5C | -267283981
0F5D | -265688415
0F5E | -264092224
0F5F | -262495412
0F60 | -260897982
0F61 | -259299937
0F62 | -257701283
0F63 | -256102022
0F64 | -254502159
0F65 | -252901697
0F66 | -251300640
0F67 | -249698991
0F68 | -248096755
0F69 | -246493935
0F6A | -244890535
0F6B | -243286558
0F6C | -241682010
0F6D | -240076892
0F6E | -238471210
0F6F | -236864966
0F70 | -235258165
0F71 | -233650811
0F72 | -232042906
0F73 | -230434456
0F74 | -228825464
0F75 | -227215933
0F76 | -225605867
0F77 | -223995270
0F78 | -222384147
0F79 | -220772500
0F7A | -219160334
0F7B | -217547651
0F7C | -215934457
0F7D | -214320755
0F7E | -212706549
0F7F | -211091842
0F80 | -209476638
0F81 | -207860942
0F82 | -206244756
0F83 | -204628085
0F84 | -203010932
0F85 | -201393302
0F86 | -199775198
0F87 | -198156624
0F88 | -196537583
0F89 | -194918080
0F8A | -193298119
0F8B | -191677702
0F8C | -190056834
0F8D | -188435520
0F8E | -186813762
0F8F | -185191564
0F90 | -183568930
0F91 | -181945865
0F92 | -180322371
0F93 | -178698453
0F94 | -177074115
0F95 | -175449360
0F96 | -173824192
0F97 | -172198615
0F98 | -170572633
0F99 | -168946249
0F9A | -167319468
0F9B | -165692293
0F9C | -164064728
0F9D | -162436778
0F9E | -160808445
0F9F | -159179733
0FA0 | -157550647
0FA1 | -155921191
0FA2 | -154291367
0FA3 | -152661180
0FA4 | -151030634
0FA5 | -149399733
0FA6 | -147768480
0FA7 | -146136880
0FA8 | -144504935
0FA9 | -142872651
0FAA | -141240030
0FAB | -139607077
0FAC | -137973796
0FAD | -136340190
0FAE | -134706263
0FAF | -133072019
0FB0 | -131437462
0FB1 | -129802595
0FB2 | -128167423
0FB3 | -126531950
0FB4 | -124896179
0FB5 | -123260114
0FB6 | -121623759
0FB7 | -119987118
0FB8 | -118350194
0FB9 | -116712992
0FBA | -115075515
0FBB | -113437768
0FBC | -111799753
0FBD | -110161476
0FBE | -108522939
0FBF | -106884147
0FC0 | -105245103
0FC1 | -103605812
0FC2 | -101966277
0FC3 | -100326502
0FC4 | -98686491
0FC5 | -97046247
0FC6 | -95405776
0FC7 | -93765079
0FC8 | -92124163
0FC9 | -90483029
0FCA | -88841683
0FCB | -87200127
0FCC | -85558366
0FCD | -83916404
0FCE | -82274245
0FCF | -80631892
0FD0 | -78989349
0FD1 | -77346620
0FD2 | -75703709
0FD3 | -74060620
0FD4 | -72417357
0FD5 | -70773924
0FD6 | -69130324
0FD7 | -67486561
0FD8 | -65842639
0FD9 | -64198563
0FDA | -62554335
0FDB | -60909960
0FDC | -59265442
0FDD | -57620785
0FDE | -55975992
0FDF | -54331067
0FE0 | -52686014
0FE1 | -51040837
0FE2 | -49395541
0FE3 | -47750128
0FE4 | -46104602
0FE5 | -44458968
0FE6 | -42813230
0FE7 | -41167391
0FE8 | -39521455
0FE9 | -37875426
0FEA | -36229307
0FEB | -34583104
0FEC | -32936819
0FED | -31290457
0FEE | -29644021
0FEF | -27997515
0FF0 | -26350943
0FF1 | -24704310
0FF2 | -23057618
0FF3 | -21410872
0FF4 | -19764076
0FF5 | -18117233
0FF6 | -16470347
0FF7 | -14823423
0FF8 | -13176464
0FF9 | -11529474
0FFA | -9882456
0FFB | -8235416
0FFC | -6588356
0FFD | -4941281
0FFE | -3294193
0FFF | -1647099
