# format_version="frp.m15.vector.v1"
# frp_version="1.7.0"
# milestone="M15 — Implementation Mapping, Domain Interface, and Qualification Closure Package"
# trace_kind="scheduler_7_1_vectors"
# cells=16
# hierarchy_depth=4
# request_lanes=4
# transition_fraction=0.25
# scheduler_mode="7/1"
# fractal_alpha=0.7
# thermal_beta=1.2
# scalar_format="S32Q16"
# unit_format="S32Q30"
# phase_format="PHASE_U32"
# seed=76
# trace_steps=16
# column_definition=["TICK","RESET_N","SCHED_MODE","SCHED_STATE","AUTO_TARGETS_ENABLE","REQ_VALID_MASK","REQ_CELL_IDS","REQ_TARGET_STATES","GAMMA_UPDATE_VALID","GAMMA_NOISE_TARGETS_Q","STATES_PACKED","PENDING_ROUTE_COUNT","SWITCH_LOAD_Q","HEAT_GLOBAL_Q","COHERENCE_GLOBAL_Q","C_Q","P_Q","C_MINUS_P_Q","REQUESTED_DIRECT_EVENTS","PREVENTED_DIRECT_EVENTS","NEUTRAL_ROUTED_EVENTS","NEUTRALIZED_CONFLICTS","ACTUAL_DIRECT_EVENTS"]
# TICK | RESET_N | SCHED_MODE | SCHED_STATE | AUTO_TARGETS_ENABLE | REQ_VALID_MASK | REQ_CELL_IDS | REQ_TARGET_STATES | GAMMA_UPDATE_VALID | GAMMA_NOISE_TARGETS_Q | STATES_PACKED | PENDING_ROUTE_COUNT | SWITCH_LOAD_Q | HEAT_GLOBAL_Q | COHERENCE_GLOBAL_Q | C_Q | P_Q | C_MINUS_P_Q | REQUESTED_DIRECT_EVENTS | PREVENTED_DIRECT_EVENTS | NEUTRAL_ROUTED_EVENTS | NEUTRALIZED_CONFLICTS | ACTUAL_DIRECT_EVENTS
00000000 | 1 | 1 | 1 | 0 | 1 | 9,0,0,0 | 1,0,0,0 | 1 | -54042,27794,23587,-51743,30168,-51837,-62939,39684,52539,-73,61338,12989,50053,-7192,-8249,56033 | 0F04CCC0 | 0 | 4096 | 3633 | 198725849 | 64777 | 7729 | 57048 | 0 | 0 | 0 | 0 | 0
00000001 | 1 | 1 | 1 | 0 | 0 | 0,0,0,0 | 0,0,0,0 | 0 | -54042,27794,23587,-51743,30168,-51837,-62939,39684,52539,-73,61338,12989,50053,-7192,-8249,56033 | 0F04CCC0 | 0 | 0 | 3737 | 196355912 | 64975 | 3737 | 61238 | 0 | 0 | 0 | 0 | 0
00000002 | 1 | 1 | 1 | 0 | 0 | 0,0,0,0 | 0,0,0,0 | 0 | -54042,27794,23587,-51743,30168,-51837,-62939,39684,52539,-73,61338,12989,50053,-7192,-8249,56033 | 0F04CCC0 | 0 | 0 | 3830 | 197245439 | 65212 | 3830 | 61382 | 0 | 0 | 0 | 0 | 0
00000003 | 1 | 1 | 1 | 0 | 0 | 0,0,0,0 | 0,0,0,0 | 0 | -54042,27794,23587,-51743,30168,-51837,-62939,39684,52539,-73,61338,12989,50053,-7192,-8249,56033 | 0F04CCC0 | 0 | 0 | 3914 | 202146531 | 65546 | 3914 | 61632 | 0 | 0 | 0 | 0 | 0
00000004 | 1 | 1 | 1 | 0 | 3 | 2,9,0,0 | 3,0,0,0 | 0 | -54042,27794,23587,-51743,30168,-51837,-62939,39684,52539,-73,61338,12989,50053,-7192,-8249,56033 | 0F00CCF0 | 0 | 8192 | 4428 | 210380155 | 65879 | 12620 | 53259 | 0 | 0 | 0 | 0 | 0
00000005 | 1 | 1 | 1 | 0 | 0 | 0,0,0,0 | 0,0,0,0 | 0 | -54042,27794,23587,-51743,30168,-51837,-62939,39684,52539,-73,61338,12989,50053,-7192,-8249,56033 | 0F00CCF0 | 0 | 0 | 4471 | 220487880 | 66356 | 4471 | 61885 | 0 | 0 | 0 | 0 | 0
00000006 | 1 | 1 | 1 | 0 | 0 | 0,0,0,0 | 0,0,0,0 | 0 | -54042,27794,23587,-51743,30168,-51837,-62939,39684,52539,-73,61338,12989,50053,-7192,-8249,56033 | 0F00CCF0 | 0 | 0 | 4508 | 230826437 | 66776 | 4508 | 62268 | 0 | 0 | 0 | 0 | 0
00000007 | 1 | 1 | 2 | 0 | 0 | 0,0,0,0 | 0,0,0,0 | 0 | -54042,27794,23587,-51743,30168,-51837,-62939,39684,52539,-73,61338,12989,50053,-7192,-8249,56033 | 0F00CCF0 | 0 | 0 | 4542 | 239871486 | 67147 | 4542 | 62605 | 0 | 0 | 0 | 0 | 0
00000008 | 1 | 1 | 1 | 0 | 7 | 8,9,5,0 | 3,0,0,0 | 1 | 9061,-3236,50290,32837,36395,-18260,58630,7866,-41625,11494,9229,-47816,-49210,14338,13025,-53387 | 0F03C0F0 | 0 | 8192 | 5010 | 247301496 | 67393 | 13202 | 54191 | 0 | 0 | 0 | 0 | 0
00000009 | 1 | 1 | 1 | 0 | 0 | 0,0,0,0 | 0,0,0,0 | 0 | 9061,-3236,50290,32837,36395,-18260,58630,7866,-41625,11494,9229,-47816,-49210,14338,13025,-53387 | 0F03C0F0 | 0 | 0 | 5010 | 252012223 | 67679 | 5010 | 62669 | 0 | 0 | 0 | 0 | 0
00000010 | 1 | 1 | 1 | 0 | 0 | 0,0,0,0 | 0,0,0,0 | 0 | 9061,-3236,50290,32837,36395,-18260,58630,7866,-41625,11494,9229,-47816,-49210,14338,13025,-53387 | 0F03C0F0 | 0 | 0 | 5008 | 254040817 | 67859 | 5008 | 62851 | 0 | 0 | 0 | 0 | 0
00000011 | 1 | 1 | 1 | 0 | 0 | 0,0,0,0 | 0,0,0,0 | 0 | 9061,-3236,50290,32837,36395,-18260,58630,7866,-41625,11494,9229,-47816,-49210,14338,13025,-53387 | 0F03C0F0 | 0 | 0 | 5005 | 253895703 | 67990 | 5005 | 62985 | 0 | 0 | 0 | 0 | 0
00000012 | 1 | 1 | 1 | 0 | F | 0,A,2,3 | 0,0,3,3 | 0 | 9061,-3236,50290,32837,36395,-18260,58630,7866,-41625,11494,9229,-47816,-49210,14338,13025,-53387 | 0F03C0F0 | 0 | 0 | 5002 | 251502122 | 68083 | 5002 | 63081 | 0 | 0 | 0 | 0 | 0
00000013 | 1 | 1 | 1 | 0 | 0 | 0,0,0,0 | 0,0,0,0 | 0 | 9061,-3236,50290,32837,36395,-18260,58630,7866,-41625,11494,9229,-47816,-49210,14338,13025,-53387 | 0F03C0F0 | 0 | 0 | 4998 | 249282391 | 68207 | 4998 | 63209 | 0 | 0 | 0 | 0 | 0
00000014 | 1 | 1 | 1 | 0 | 0 | 0,0,0,0 | 0,0,0,0 | 0 | 9061,-3236,50290,32837,36395,-18260,58630,7866,-41625,11494,9229,-47816,-49210,14338,13025,-53387 | 0F03C0F0 | 0 | 0 | 4994 | 248712816 | 68406 | 4994 | 63412 | 0 | 0 | 0 | 0 | 0
00000015 | 1 | 1 | 2 | 0 | 0 | 0,0,0,0 | 0,0,0,0 | 0 | 9061,-3236,50290,32837,36395,-18260,58630,7866,-41625,11494,9229,-47816,-49210,14338,13025,-53387 | 0F03C0F0 | 0 | 0 | 4990 | 253411667 | 68767 | 4990 | 63777 | 0 | 0 | 0 | 0 | 0
