# format_version="frp.m15.vector.v1"
# frp_version="1.7.0"
# milestone="M15 — Implementation Mapping, Domain Interface, and Qualification Closure Package"
# trace_kind="scheduler_1_7_vectors"
# cells=16
# hierarchy_depth=4
# request_lanes=4
# transition_fraction=0.25
# scheduler_mode="1/7"
# fractal_alpha=0.7
# thermal_beta=1.2
# scalar_format="S32Q16"
# unit_format="S32Q30"
# phase_format="PHASE_U32"
# seed=76
# trace_steps=16
# column_definition=["TICK","RESET_N","SCHED_MODE","SCHED_STATE","AUTO_TARGETS_ENABLE","REQ_VALID_MASK","REQ_CELL_IDS","REQ_TARGET_STATES","GAMMA_UPDATE_VALID","GAMMA_NOISE_TARGETS_Q","STATES_PACKED","PENDING_ROUTE_COUNT","SWITCH_LOAD_Q","HEAT_GLOBAL_Q","COHERENCE_GLOBAL_Q","C_Q","P_Q","C_MINUS_P_Q","REQUESTED_DIRECT_EVENTS","PREVENTED_DIRECT_EVENTS","NEUTRAL_ROUTED_EVENTS","NEUTRALIZED_CONFLICTS","ACTUAL_DIRECT_EVENTS"]
# TICK | RESET_N | SCHED_MODE | SCHED_STATE | AUTO_TARGETS_ENABLE | REQ_VALID_MASK | REQ_CELL_IDS | REQ_TARGET_STATES | GAMMA_UPDATE_VALID | GAMMA_NOISE_TARGETS_Q | STATES_PACKED | PENDING_ROUTE_COUNT | SWITCH_LOAD_Q | HEAT_GLOBAL_Q | COHERENCE_GLOBAL_Q | C_Q | P_Q | C_MINUS_P_Q | REQUESTED_DIRECT_EVENTS | PREVENTED_DIRECT_EVENTS | NEUTRAL_ROUTED_EVENTS | NEUTRALIZED_CONFLICTS | ACTUAL_DIRECT_EVENTS
00000000 | 1 | 2 | 3 | 0 | 1 | A,0,0,0 | 1,0,0,0 | 1 | -54042,27794,23587,-51743,30168,-51837,-62939,39684,52539,-73,61338,12989,50053,-7192,-8249,56033 | 0F10CCC0 | 0 | 4096 | 3633 | 198466679 | 64774 | 7729 | 57045 | 0 | 0 | 0 | 0 | 0
00000001 | 1 | 2 | 4 | 0 | 0 | 0,0,0,0 | 0,0,0,0 | 0 | -54042,27794,23587,-51743,30168,-51837,-62939,39684,52539,-73,61338,12989,50053,-7192,-8249,56033 | 0F10CCC0 | 0 | 0 | 3737 | 195748434 | 64968 | 3737 | 61231 | 0 | 0 | 0 | 0 | 0
00000002 | 1 | 2 | 4 | 0 | 0 | 0,0,0,0 | 0,0,0,0 | 0 | -54042,27794,23587,-51743,30168,-51837,-62939,39684,52539,-73,61338,12989,50053,-7192,-8249,56033 | 0F10CCC0 | 0 | 0 | 3830 | 196693806 | 65210 | 3830 | 61380 | 0 | 0 | 0 | 0 | 0
00000003 | 1 | 2 | 4 | 0 | 0 | 0,0,0,0 | 0,0,0,0 | 0 | -54042,27794,23587,-51743,30168,-51837,-62939,39684,52539,-73,61338,12989,50053,-7192,-8249,56033 | 0F10CCC0 | 0 | 0 | 3914 | 201636848 | 65549 | 3914 | 61635 | 0 | 0 | 0 | 0 | 0
00000004 | 1 | 2 | 4 | 0 | 3 | 7,1,0,0 | 3,3,0,0 | 0 | -54042,27794,23587,-51743,30168,-51837,-62939,39684,52539,-73,61338,12989,50053,-7192,-8249,56033 | 0F10CCCC | 0 | 4096 | 4212 | 209641358 | 65568 | 8308 | 57260 | 0 | 0 | 0 | 0 | 0
00000005 | 1 | 2 | 4 | 0 | 0 | 0,0,0,0 | 0,0,0,0 | 0 | -54042,27794,23587,-51743,30168,-51837,-62939,39684,52539,-73,61338,12989,50053,-7192,-8249,56033 | 0F10CCCC | 0 | 0 | 4267 | 219341518 | 66044 | 4267 | 61777 | 0 | 0 | 0 | 0 | 0
00000006 | 1 | 2 | 4 | 0 | 0 | 0,0,0,0 | 0,0,0,0 | 0 | -54042,27794,23587,-51743,30168,-51837,-62939,39684,52539,-73,61338,12989,50053,-7192,-8249,56033 | 0F10CCCC | 0 | 0 | 4316 | 229497785 | 66457 | 4316 | 62141 | 0 | 0 | 0 | 0 | 0
00000007 | 1 | 2 | 4 | 0 | 0 | 0,0,0,0 | 0,0,0,0 | 0 | -54042,27794,23587,-51743,30168,-51837,-62939,39684,52539,-73,61338,12989,50053,-7192,-8249,56033 | 0F10CCCC | 0 | 0 | 4361 | 238334997 | 66822 | 4361 | 62461 | 0 | 0 | 0 | 0 | 0
00000008 | 1 | 2 | 3 | 0 | 7 | 1,9,D,0 | 1,0,0,0 | 1 | 9061,-3236,50290,32837,36395,-18260,58630,7866,-41625,11494,9229,-47816,-49210,14338,13025,-53387 | 0310CCC0 | 1 | 8192 | 4835 | 245176693 | 67742 | 13027 | 54715 | 1 | 1 | 1 | 1 | 0
00000009 | 1 | 2 | 4 | 0 | 0 | 0,0,0,0 | 0,0,0,0 | 0 | 9061,-3236,50290,32837,36395,-18260,58630,7866,-41625,11494,9229,-47816,-49210,14338,13025,-53387 | 0310CCC4 | 0 | 4096 | 5064 | 249201526 | 67622 | 9160 | 58462 | 1 | 1 | 1 | 1 | 0
00000010 | 1 | 2 | 4 | 0 | 0 | 0,0,0,0 | 0,0,0,0 | 0 | 9061,-3236,50290,32837,36395,-18260,58630,7866,-41625,11494,9229,-47816,-49210,14338,13025,-53387 | 0310CCC4 | 0 | 0 | 5060 | 250971595 | 67811 | 5060 | 62751 | 1 | 1 | 1 | 1 | 0
00000011 | 1 | 2 | 4 | 0 | 0 | 0,0,0,0 | 0,0,0,0 | 0 | 9061,-3236,50290,32837,36395,-18260,58630,7866,-41625,11494,9229,-47816,-49210,14338,13025,-53387 | 0310CCC4 | 0 | 0 | 5054 | 250279387 | 67932 | 5054 | 62878 | 1 | 1 | 1 | 1 | 0
00000012 | 1 | 2 | 4 | 0 | F | 3,2,9,1 | 1,1,1,3 | 0 | 9061,-3236,50290,32837,36395,-18260,58630,7866,-41625,11494,9229,-47816,-49210,14338,13025,-53387 | 0314CC10 | 2 | 16384 | 5922 | 248337053 | 67911 | 22306 | 45605 | 3 | 3 | 3 | 3 | 0
00000013 | 1 | 2 | 4 | 0 | 0 | 0,0,0,0 | 0,0,0,0 | 0 | 9061,-3236,50290,32837,36395,-18260,58630,7866,-41625,11494,9229,-47816,-49210,14338,13025,-53387 | 0314CC5C | 0 | 8192 | 6289 | 246361373 | 67449 | 14481 | 52968 | 3 | 3 | 3 | 3 | 0
00000014 | 1 | 2 | 4 | 0 | 0 | 0,0,0,0 | 0,0,0,0 | 0 | 9061,-3236,50290,32837,36395,-18260,58630,7866,-41625,11494,9229,-47816,-49210,14338,13025,-53387 | 0314CC5C | 0 | 0 | 6198 | 246301876 | 67673 | 6198 | 61475 | 3 | 3 | 3 | 3 | 0
00000015 | 1 | 2 | 4 | 0 | 0 | 0,0,0,0 | 0,0,0,0 | 0 | 9061,-3236,50290,32837,36395,-18260,58630,7866,-41625,11494,9229,-47816,-49210,14338,13025,-53387 | 0314CC5C | 0 | 0 | 6112 | 250768367 | 68026 | 6112 | 61914 | 3 | 3 | 3 | 3 | 0
