# format_version="frp.m15.vector.v1"
# frp_version="1.7.0"
# milestone="M15 — Implementation Mapping, Domain Interface, and Qualification Closure Package"
# trace_kind="kernel_transition_vectors"
# cells=16
# hierarchy_depth=4
# request_lanes=4
# transition_fraction=0.25
# scheduler_mode="free"
# fractal_alpha=0.7
# thermal_beta=1.2
# scalar_format="S32Q16"
# unit_format="S32Q30"
# phase_format="PHASE_U32"
# seed=76
# trace_steps=32
# column_definition=["TICK","RESET_N","SCHED_MODE","SCHED_STATE","AUTO_TARGETS_ENABLE","REQ_VALID_MASK","REQ_CELL_IDS","REQ_TARGET_STATES","GAMMA_UPDATE_VALID","GAMMA_NOISE_TARGETS_Q","STATES_PACKED","PENDING_ROUTE_COUNT","SWITCH_LOAD_Q","HEAT_GLOBAL_Q","COHERENCE_GLOBAL_Q","C_Q","P_Q","C_MINUS_P_Q","REQUESTED_DIRECT_EVENTS","PREVENTED_DIRECT_EVENTS","NEUTRAL_ROUTED_EVENTS","NEUTRALIZED_CONFLICTS","ACTUAL_DIRECT_EVENTS"]
# TICK | RESET_N | SCHED_MODE | SCHED_STATE | AUTO_TARGETS_ENABLE | REQ_VALID_MASK | REQ_CELL_IDS | REQ_TARGET_STATES | GAMMA_UPDATE_VALID | GAMMA_NOISE_TARGETS_Q | STATES_PACKED | PENDING_ROUTE_COUNT | SWITCH_LOAD_Q | HEAT_GLOBAL_Q | COHERENCE_GLOBAL_Q | C_Q | P_Q | C_MINUS_P_Q | REQUESTED_DIRECT_EVENTS | PREVENTED_DIRECT_EVENTS | NEUTRAL_ROUTED_EVENTS | NEUTRALIZED_CONFLICTS | ACTUAL_DIRECT_EVENTS
00000000 | 1 | 0 | 0 | 0 | 1 | 3,0,0,0 | 1,0,0,0 | 1 | -54042,27794,23587,-51743,30168,-51837,-62939,39684,52539,-73,61338,12989,50053,-7192,-8249,56033 | 0F00CC00 | 1 | 4096 | 3627 | 198508171 | 65463 | 7723 | 57740 | 1 | 1 | 1 | 1 | 0
00000001 | 1 | 0 | 0 | 0 | 0 | 0,0,0,0 | 0,0,0,0 | 0 | -54042,27794,23587,-51743,30168,-51837,-62939,39684,52539,-73,61338,12989,50053,-7192,-8249,56033 | 0F00CC40 | 0 | 4096 | 3949 | 195639949 | 65265 | 8045 | 57220 | 1 | 1 | 1 | 1 | 0
00000002 | 1 | 0 | 0 | 0 | 0 | 0,0,0,0 | 0,0,0,0 | 0 | -54042,27794,23587,-51743,30168,-51837,-62939,39684,52539,-73,61338,12989,50053,-7192,-8249,56033 | 0F00CC40 | 0 | 0 | 4027 | 196251913 | 65531 | 4027 | 61504 | 1 | 1 | 1 | 1 | 0
00000003 | 1 | 0 | 0 | 0 | 3 | 5,6,0,0 | 1,0,0,0 | 0 | -54042,27794,23587,-51743,30168,-51837,-62939,39684,52539,-73,61338,12989,50053,-7192,-8249,56033 | 0F00C040 | 1 | 4096 | 4312 | 200801573 | 66167 | 8408 | 57759 | 2 | 2 | 2 | 2 | 0
00000004 | 1 | 0 | 0 | 0 | 0 | 0,0,0,0 | 0,0,0,0 | 0 | -54042,27794,23587,-51743,30168,-51837,-62939,39684,52539,-73,61338,12989,50053,-7192,-8249,56033 | 0F00C440 | 0 | 4096 | 4578 | 208519141 | 66219 | 8674 | 57545 | 2 | 2 | 2 | 2 | 0
00000005 | 1 | 0 | 0 | 0 | 0 | 0,0,0,0 | 0,0,0,0 | 0 | -54042,27794,23587,-51743,30168,-51837,-62939,39684,52539,-73,61338,12989,50053,-7192,-8249,56033 | 0F00C440 | 0 | 0 | 4607 | 218009623 | 66661 | 4607 | 62054 | 2 | 2 | 2 | 2 | 0
00000006 | 1 | 0 | 0 | 0 | 0 | 0,0,0,0 | 0,0,0,0 | 0 | -54042,27794,23587,-51743,30168,-51837,-62939,39684,52539,-73,61338,12989,50053,-7192,-8249,56033 | 0F00C440 | 0 | 0 | 4632 | 227680964 | 67066 | 4632 | 62434 | 2 | 2 | 2 | 2 | 0
00000007 | 1 | 0 | 0 | 0 | 0 | 0,0,0,0 | 0,0,0,0 | 0 | -54042,27794,23587,-51743,30168,-51837,-62939,39684,52539,-73,61338,12989,50053,-7192,-8249,56033 | 0F00C440 | 0 | 0 | 4655 | 236289349 | 67424 | 4655 | 62769 | 2 | 2 | 2 | 2 | 0
00000008 | 1 | 0 | 0 | 0 | F | 0,1,2,3 | 1,3,1,3 | 1 | 9061,-3236,50290,32837,36395,-18260,58630,7866,-41625,11494,9229,-47816,-49210,14338,13025,-53387 | 0F00C41D | 1 | 16384 | 5559 | 242850530 | 66893 | 21943 | 44950 | 3 | 3 | 3 | 3 | 0
00000009 | 1 | 0 | 0 | 0 | 0 | 0,0,0,0 | 0,0,0,0 | 0 | 9061,-3236,50290,32837,36395,-18260,58630,7866,-41625,11494,9229,-47816,-49210,14338,13025,-53387 | 0F00C4DD | 0 | 4096 | 5734 | 246734191 | 66926 | 9830 | 57096 | 3 | 3 | 3 | 3 | 0
00000010 | 1 | 0 | 0 | 0 | 0 | 0,0,0,0 | 0,0,0,0 | 0 | 9061,-3236,50290,32837,36395,-18260,58630,7866,-41625,11494,9229,-47816,-49210,14338,13025,-53387 | 0F00C4DD | 0 | 0 | 5680 | 248181437 | 67106 | 5680 | 61426 | 3 | 3 | 3 | 3 | 0
00000011 | 1 | 0 | 0 | 0 | 0 | 0,0,0,0 | 0,0,0,0 | 0 | 9061,-3236,50290,32837,36395,-18260,58630,7866,-41625,11494,9229,-47816,-49210,14338,13025,-53387 | 0F00C4DD | 0 | 0 | 5629 | 246934500 | 67220 | 5629 | 61591 | 3 | 3 | 3 | 3 | 0
00000012 | 1 | 0 | 0 | 0 | 0 | 0,0,0,0 | 0,0,0,0 | 0 | 9061,-3236,50290,32837,36395,-18260,58630,7866,-41625,11494,9229,-47816,-49210,14338,13025,-53387 | 0F00C4DD | 0 | 0 | 5581 | 243828792 | 67310 | 5581 | 61729 | 3 | 3 | 3 | 3 | 0
00000013 | 1 | 0 | 0 | 0 | 0 | 0,0,0,0 | 0,0,0,0 | 0 | 9061,-3236,50290,32837,36395,-18260,58630,7866,-41625,11494,9229,-47816,-49210,14338,13025,-53387 | 0F00C4DD | 0 | 0 | 5535 | 240401004 | 67421 | 5535 | 61886 | 3 | 3 | 3 | 3 | 0
00000014 | 1 | 0 | 0 | 0 | 0 | 0,0,0,0 | 0,0,0,0 | 0 | 9061,-3236,50290,32837,36395,-18260,58630,7866,-41625,11494,9229,-47816,-49210,14338,13025,-53387 | 0F00C4DD | 0 | 0 | 5493 | 238953226 | 67618 | 5493 | 62125 | 3 | 3 | 3 | 3 | 0
00000015 | 1 | 0 | 0 | 0 | 0 | 0,0,0,0 | 0,0,0,0 | 0 | 9061,-3236,50290,32837,36395,-18260,58630,7866,-41625,11494,9229,-47816,-49210,14338,13025,-53387 | 0F00C4DD | 0 | 0 | 5453 | 242523358 | 67969 | 5453 | 62516 | 3 | 3 | 3 | 3 | 0
00000016 | 1 | 0 | 0 | 0 | 0 | 0,0,0,0 | 0,0,0,0 | 1 | 2728,-16184,30566,25631,-59704,7590,-58385,-57016,-36815,50902,37679,15831,-25569,34067,-54003,274 | 0F00C4DD | 0 | 0 | 5416 | 253265328 | 68518 | 5416 | 63102 | 3 | 3 | 3 | 3 | 0
00000017 | 1 | 0 | 0 | 0 | 0 | 0,0,0,0 | 0,0,0,0 | 0 | 2728,-16184,30566,25631,-59704,7590,-58385,-57016,-36815,50902,37679,15831,-25569,34067,-54003,274 | 0F00C4DD | 0 | 0 | 5381 | 270839610 | 69232 | 5381 | 63851 | 3 | 3 | 3 | 3 | 0
00000018 | 1 | 0 | 0 | 0 | 0 | 0,0,0,0 | 0,0,0,0 | 0 | 2728,-16184,30566,25631,-59704,7590,-58385,-57016,-36815,50902,37679,15831,-25569,34067,-54003,274 | 0F00C4DD | 0 | 0 | 5349 | 292490501 | 70035 | 5349 | 64686 | 3 | 3 | 3 | 3 | 0
00000019 | 1 | 0 | 0 | 0 | 0 | 0,0,0,0 | 0,0,0,0 | 0 | 2728,-16184,30566,25631,-59704,7590,-58385,-57016,-36815,50902,37679,15831,-25569,34067,-54003,274 | 0F00C4DD | 0 | 0 | 5319 | 314723578 | 70832 | 5319 | 65513 | 3 | 3 | 3 | 3 | 0
00000020 | 1 | 0 | 0 | 0 | 0 | 0,0,0,0 | 0,0,0,0 | 0 | 2728,-16184,30566,25631,-59704,7590,-58385,-57016,-36815,50902,37679,15831,-25569,34067,-54003,274 | 0F00C4DD | 0 | 0 | 5291 | 336151926 | 71591 | 5291 | 66300 | 3 | 3 | 3 | 3 | 0
00000021 | 1 | 0 | 0 | 0 | 0 | 0,0,0,0 | 0,0,0,0 | 0 | 2728,-16184,30566,25631,-59704,7590,-58385,-57016,-36815,50902,37679,15831,-25569,34067,-54003,274 | 0F00C4DD | 0 | 0 | 5265 | 356996467 | 72315 | 5265 | 67050 | 3 | 3 | 3 | 3 | 0
00000022 | 1 | 0 | 0 | 0 | 0 | 0,0,0,0 | 0,0,0,0 | 0 | 2728,-16184,30566,25631,-59704,7590,-58385,-57016,-36815,50902,37679,15831,-25569,34067,-54003,274 | 0F00C4DD | 0 | 0 | 5241 | 378494287 | 73030 | 5241 | 67789 | 3 | 3 | 3 | 3 | 0
00000023 | 1 | 0 | 0 | 0 | 0 | 0,0,0,0 | 0,0,0,0 | 0 | 2728,-16184,30566,25631,-59704,7590,-58385,-57016,-36815,50902,37679,15831,-25569,34067,-54003,274 | 0F00C4DD | 0 | 0 | 5219 | 400834546 | 73739 | 5219 | 68520 | 3 | 3 | 3 | 3 | 0
00000024 | 1 | 0 | 0 | 0 | 0 | 0,0,0,0 | 0,0,0,0 | 1 | -54266,-58789,59874,-23480,-52452,-9048,53644,21383,-56712,-9961,61371,-12577,-6896,15234,56851,43731 | 0F00C4DD | 0 | 0 | 5198 | 423227617 | 74422 | 5198 | 69224 | 3 | 3 | 3 | 3 | 0
00000025 | 1 | 0 | 0 | 0 | 0 | 0,0,0,0 | 0,0,0,0 | 0 | -54266,-58789,59874,-23480,-52452,-9048,53644,21383,-56712,-9961,61371,-12577,-6896,15234,56851,43731 | 0F00C4DD | 0 | 0 | 5179 | 445150342 | 75062 | 5179 | 69883 | 3 | 3 | 3 | 3 | 0
00000026 | 1 | 0 | 0 | 0 | 0 | 0,0,0,0 | 0,0,0,0 | 0 | -54266,-58789,59874,-23480,-52452,-9048,53644,21383,-56712,-9961,61371,-12577,-6896,15234,56851,43731 | 0F00C4DD | 0 | 0 | 5161 | 465782855 | 75645 | 5161 | 70484 | 3 | 3 | 3 | 3 | 0
00000027 | 1 | 0 | 0 | 0 | 0 | 0,0,0,0 | 0,0,0,0 | 0 | -54266,-58789,59874,-23480,-52452,-9048,53644,21383,-56712,-9961,61371,-12577,-6896,15234,56851,43731 | 0F00C4DD | 0 | 0 | 5144 | 485080579 | 76173 | 5144 | 71029 | 3 | 3 | 3 | 3 | 0
00000028 | 1 | 0 | 0 | 0 | 0 | 0,0,0,0 | 0,0,0,0 | 0 | -54266,-58789,59874,-23480,-52452,-9048,53644,21383,-56712,-9961,61371,-12577,-6896,15234,56851,43731 | 0F00C4DD | 0 | 0 | 5129 | 504692791 | 76686 | 5129 | 71557 | 3 | 3 | 3 | 3 | 0
00000029 | 1 | 0 | 0 | 0 | 0 | 0,0,0,0 | 0,0,0,0 | 0 | -54266,-58789,59874,-23480,-52452,-9048,53644,21383,-56712,-9961,61371,-12577,-6896,15234,56851,43731 | 0F00C4DD | 0 | 0 | 5114 | 525691073 | 77213 | 5114 | 72099 | 3 | 3 | 3 | 3 | 0
00000030 | 1 | 0 | 0 | 0 | 0 | 0,0,0,0 | 0,0,0,0 | 0 | -54266,-58789,59874,-23480,-52452,-9048,53644,21383,-56712,-9961,61371,-12577,-6896,15234,56851,43731 | 0F00C4DD | 0 | 0 | 5101 | 549296593 | 77783 | 5101 | 72682 | 3 | 3 | 3 | 3 | 0
00000031 | 1 | 0 | 0 | 0 | 0 | 0,0,0,0 | 0,0,0,0 | 0 | -54266,-58789,59874,-23480,-52452,-9048,53644,21383,-56712,-9961,61371,-12577,-6896,15234,56851,43731 | 0F00C4DD | 0 | 0 | 5088 | 576442590 | 78420 | 5088 | 73332 | 3 | 3 | 3 | 3 | 0
